4.90215, 0.675147, 0, -2.93542, -0.0587084, -3.02348, 0.0293542, 
5.07828, 0.733855, -0.0293542, -2.93542, -0.0880626, -3.05284, 0.0587084, 
5.07828, 0.733855, -0.0293542, -2.93542, -0.0880626, -3.05284, 0.0587084, 
4.93151, 0.851272, -0.0293542, -2.99413, -0.0880626, -3.08219, 0.0587084, 
5.54794, 0.968689, -0.0293542, -3.02348, -0.117417, -3.11155, 0.0880626, 
6.10567, 0.998043, 0, -3.02348, -0.117417, -3.1409, 0.117417, 
6.54599, 1.23288, 0, -3.08219, -0.146771, -3.19961, 0.117417, 
6.54599, 1.29158, 0, -3.05284, -0.176125, -3.19961, 0.146771, 
6.39922, 1.409, -0.0293542, -3.11155, -0.176125, -3.22896, 0.146771, 
6.39922, 1.409, -0.0293542, -3.11155, -0.176125, -3.22896, 0.146771, 
7.42661, 1.70254, 0, -3.17025, -0.264188, -3.34638, 0.205479, 
7.25049, 1.7319, -0.0293542, -3.19961, -0.234834, -3.37573, 0.234834, 
7.57338, 1.90802, 0, -3.19961, -0.293542, -3.40509, 0.234834, 
7.6908, 1.96673, 0, -3.22896, -0.293542, -3.43444, 0.234834, 
7.83757, 1.99609, 0, -3.22896, -0.293542, -3.43444, 0.264188, 
7.83757, 2.08415, 0, -3.25832, -0.322896, -3.4638, 0.264188, 
7.6908, 2.14286, 0, -3.25832, -0.322896, -3.49315, 0.264188, 
7.51468, 2.20157, 0, -3.28767, -0.35225, -3.5225, 0.293542, 
7.60274, 2.28963, 0, -3.31702, -0.35225, -3.5225, 0.293542, 
8.13111, 2.34834, -0.0293542, -3.31702, -0.381605, -3.55186, 0.293542, 
8.98238, 2.64188, -0.0293542, -3.37573, -0.410959, -3.63992, 0.35225, 
8.83561, 2.67123, 0, -3.40509, -0.440313, -3.66928, 0.35225, 
8.7182, 2.818, 0, -3.40509, -0.440313, -3.69863, 0.381605, 
8.45401, 2.87671, 0, -3.43444, -0.469667, -3.72798, 0.410959, 
9.18786, 3.11155, 0, -3.49315, -0.499021, -3.78669, 0.440313, 
8.80626, 3.17025, 0, -3.49315, -0.528376, -3.81605, 0.440313, 
7.80822, 3.31702, -0.0293542, -3.5225, -0.55773, -3.87475, 0.469667, 
7.27984, 3.40509, 0, -3.55186, -0.55773, -3.90411, 0.469667, 
7.16242, 3.43444, 0, -3.55186, -0.587084, -3.90411, 0.499021, 
7.51468, 3.61057, 0, -3.61057, -0.616438, -3.99217, 0.499021, 
7.57338, 3.63992, -0.0293542, -3.61057, -0.645792, -3.99217, 0.528376, 
7.45597, 3.72798, -0.0293542, -3.63992, -0.645792, -4.02153, 0.528376, 
7.72015, 3.96282, 0, -3.69863, -0.704501, -4.08023, 0.587084, 
7.13307, 3.99217, 0, -3.72798, -0.704501, -4.10959, 0.587084, 
8.0137, 3.99217, 0, -3.72798, -0.704501, -4.13894, 0.587084, 
8.54207, 4.19765, 0, -3.78669, -0.763209, -4.22701, 0.645792, 
8.0724, 4.22701, 0, -3.81605, -0.763209, -4.22701, 0.645792, 
8.30724, 4.28571, 0, -3.8454, -0.792563, -4.28571, 0.675147, 
7.33855, 4.37378, 0, -3.90411, -0.851272, -4.37378, 0.704501, 
7.33855, 4.37378, 0, -3.90411, -0.851272, -4.37378, 0.704501, 
7.77886, 4.37378, 0, -3.93346, -0.880626, -4.37378, 0.733855, 
8.30724, 4.40313, 0, -3.93346, -0.851272, -4.37378, 0.733855, 
7.3092, 4.40313, -0.0293542, -3.93346, -0.880626, -4.40313, 0.733855, 
8.18982, 4.40313, -0.0293542, -3.99217, -0.880626, -4.43248, 0.733855, 
7.45597, 4.43248, 0, -4.02153, -0.90998, -4.49119, 0.763209, 
8.13111, 4.46184, 0, -4.05088, -0.939334, -4.5499, 0.821918, 
7.10372, 4.52055, 0, -4.10959, -0.968689, -4.57926, 0.821918, 
7.10372, 4.52055, 0, -4.10959, -0.968689, -4.57926, 0.821918, 
7.01565, 4.49119, -0.0293542, -4.08023, -0.968689, -4.57926, 0.821918, 
7.77886, 4.52055, -0.0293542, -4.10959, -0.968689, -4.60861, 0.851272, 
6.9863, 4.49119, 0, -4.13894, -0.998043, -4.60861, 0.821918, 
7.13307, 4.46184, 0, -4.13894, -1.0274, -4.63796, 0.851272, 
6.2818, 4.31507, 0, -4.1683, -1.05675, -4.66732, 0.880626, 
6.42857, 4.31507, -0.0293542, -4.22701, -1.05675, -4.72603, 0.880626, 
6.72211, 4.31507, 0, -4.19765, -1.08611, -4.72603, 0.90998, 
5.51859, 4.25636, -0.0293542, -4.25636, -1.11546, -4.75538, 0.90998, 
4.72603, 4.19765, 0, -4.31507, -1.14481, -4.84344, 0.968689, 
5.60665, 4.1683, 0, -4.34442, -1.14481, -4.8728, 0.968689, 
4.5499, 4.1683, 0, -4.34442, -1.17417, -4.90215, 0.968689, 
3.93346, 4.10959, -0.0293542, -4.40313, -1.20352, -4.96086, 1.0274, 
3.63992, 4.08023, 0, -4.43248, -1.23288, -4.99021, 1.0274, 
4.46184, 4.05088, 0, -4.46184, -1.26223, -5.01957, 1.05675, 
4.57926, 4.05088, 0, -4.46184, -1.26223, -5.04892, 1.0274, 
4.5499, 4.05088, 0, -4.46184, -1.26223, -5.04892, 1.05675, 
6.07632, 3.99217, 0, -4.52055, -1.32094, -5.10763, 1.08611, 
6.07632, 3.99217, 0, -4.52055, -1.32094, -5.10763, 1.08611, 
6.13503, 3.93346, -0.0293542, -4.57926, -1.35029, -5.16634, 1.11546, 
6.13503, 3.93346, -0.0293542, -4.57926, -1.35029, -5.16634, 1.11546, 
6.75147, 3.93346, 0, -4.60861, -1.35029, -5.19569, 1.14481, 
6.75147, 3.93346, 0, -4.60861, -1.35029, -5.19569, 1.14481, 
5.31311, 3.87475, 0, -4.63796, -1.37965, -5.2544, 1.14481, 
4.72603, 3.87475, 0, -4.66732, -1.409, -5.2544, 1.17417, 
4.60861, 3.8454, 0, -4.66732, -1.409, -5.28376, 1.17417, 
4.46184, 3.8454, 0, -4.69667, -1.43836, -5.31311, 1.20352, 
4.13894, 3.81605, -0.0293542, -4.72603, -1.43836, -5.31311, 1.20352, 
4.02153, 3.81605, 0, -4.72603, -1.43836, -5.31311, 1.23288, 
3.37573, 3.78669, -0.0293542, -4.72603, -1.46771, -5.34246, 1.23288, 
3.55186, 3.75734, 0, -4.75538, -1.46771, -5.34246, 1.23288, 
3.31702, 3.75734, -0.0293542, -4.78473, -1.49706, -5.40117, 1.26223, 
3.19961, 3.72798, 0, -4.78473, -1.49706, -5.40117, 1.26223, 
1.96673, 3.69863, -0.0293542, -4.81409, -1.52642, -5.43053, 1.29158, 
2.02544, 3.72798, -0.0293542, -4.81409, -1.52642, -5.43053, 1.29158, 
3.25832, 3.69863, -0.0293542, -4.84344, -1.52642, -5.45988, 1.29158, 
3.25832, 3.69863, -0.0293542, -4.84344, -1.52642, -5.45988, 1.29158, 
1.35029, 3.66928, -0.0293542, -4.84344, -1.55577, -5.48924, 1.29158, 
0.0293542, 3.61057, -0.0293542, -4.93151, -1.58513, -5.54794, 1.35029, 
-0.322896, 3.58121, 0, -4.93151, -1.61448, -5.5773, 1.35029, 
-0.55773, 3.58121, 0, -4.96086, -1.61448, -5.5773, 1.35029, 
-0.733855, 3.58121, 0, -4.96086, -1.64384, -5.5773, 1.35029, 
-1.35029, 3.55186, 0, -4.99021, -1.64384, -5.63601, 1.37965, 
-1.35029, 3.55186, 0, -4.99021, -1.64384, -5.63601, 1.37965, 
-2.52446, 3.49315, 0, -5.01957, -1.67319, -5.69471, 1.409, 
-3.37573, 3.4638, -0.0293542, -5.04892, -1.7319, -5.72407, 1.43836, 
-3.02348, 3.43444, 0, -5.04892, -1.70254, -5.72407, 1.46771, 
-3.02348, 3.43444, 0, -5.04892, -1.70254, -5.72407, 1.46771, 
-2.818, 3.4638, 0, -5.07828, -1.7319, -5.75342, 1.43836, 
-2.72994, 3.40509, 0, -5.07828, -1.7319, -5.78278, 1.46771, 
-4.63796, 3.34638, 0, -5.13698, -1.79061, -5.87084, 1.49706, 
-4.57926, 3.34638, -0.0293542, -5.13698, -1.79061, -5.84149, 1.49706, 
-5.01957, 3.31702, 0, -5.19569, -1.81996, -5.87084, 1.52642, 
-5.01957, 3.31702, 0, -5.19569, -1.81996, -5.87084, 1.52642, 
-5.40117, 3.31702, 0, -5.19569, -1.84931, -5.90019, 1.52642, 
-5.19569, 3.25832, 0, -5.19569, -1.84931, -5.92955, 1.55577, 
-5.19569, 3.25832, 0, -5.19569, -1.84931, -5.92955, 1.55577, 
-6.16438, 3.22896, 0, -5.2544, -1.87867, -5.98826, 1.58513, 
-5.98826, 3.22896, -0.0293542, -5.2544, -1.90802, -5.98826, 1.58513, 
-6.36986, 3.19961, 0, -5.2544, -1.90802, -6.01761, 1.61448, 
-7.16242, 3.1409, -0.0293542, -5.28376, -1.96673, -6.07632, 1.64384, 
-6.86888, 3.08219, 0, -5.28376, -1.96673, -6.10567, 1.67319, 
-6.86888, 3.08219, 0, -5.28376, -1.96673, -6.10567, 1.67319, 
-6.6634, 2.99413, 0, -5.28376, -2.08415, -6.22309, 1.7319, 
-6.2818, 2.96477, -0.0293542, -5.28376, -2.08415, -6.22309, 1.76125, 
-6.2818, 2.96477, -0.0293542, -5.28376, -2.08415, -6.22309, 1.76125, 
-6.36986, 2.93542, 0, -5.28376, -2.1135, -6.25244, 1.76125, 
-6.07632, 2.93542, -0.0293542, -5.2544, -2.1135, -6.25244, 1.79061, 
-6.07632, 2.93542, -0.0293542, -5.2544, -2.1135, -6.25244, 1.79061, 
-5.40117, 2.84736, 0, -5.28376, -2.14286, -6.2818, 1.79061, 
-4.69667, 2.818, 0, -5.31311, -2.17221, -6.2818, 1.84931, 
-4.69667, 2.818, 0, -5.28376, -2.20157, -6.31115, 1.84931, 
-3.37573, 2.75929, 0, -5.2544, -2.20157, -6.31115, 1.87867, 
-3.5225, 2.75929, 0, -5.2544, -2.23092, -6.75147, 1.87867, 
-3.34638, 2.70059, 0, -5.2544, -2.26027, -6.31115, 1.90802, 
-2.93542, 2.67123, 0, -5.28376, -2.26027, -6.31115, 1.90802, 
-0.733855, 2.64188, 0, -5.28376, -2.28963, -6.34051, 1.96673, 
-1.58513, 2.61252, 0, -5.2544, -2.28963, -6.34051, 1.96673, 
-3.69863, 2.61252, -0.0293542, -5.2544, -2.28963, -6.34051, 1.96673, 
-5.16634, 2.61252, -0.0293542, -5.2544, -2.28963, -6.34051, 1.99609, 
-5.60665, 2.52446, 0, -5.28376, -2.34834, -6.36986, 1.99609, 
-6.54599, 2.52446, 0, -5.2544, -2.37769, -6.34051, 2.05479, 
-6.60469, 2.49511, 0, -5.28376, -2.40704, -6.36986, 2.05479, 
-6.54599, 2.46575, 0, -5.2544, -2.40704, -6.34051, 2.05479, 
-6.81017, 2.4364, 0, -5.28376, -2.4364, -6.34051, 2.08415, 
-6.81017, 2.4364, 0, -4.78473, -2.4364, -6.36986, 2.1135, 
-7.25049, 2.4364, 0, -5.2544, -2.46575, -6.36986, 2.1135, 
-6.75147, 2.37769, -0.0293542, -5.2544, -2.46575, -6.36986, 2.14286, 
-7.16242, 2.34834, 0, -5.2544, -2.49511, -5.92955, 2.17221, 
-7.48532, 2.34834, -0.0293542, -5.2544, -2.49511, -6.34051, 2.17221, 
-7.6908, 2.31898, 0, -5.2544, -2.49511, -6.34051, 2.17221, 
-7.92563, 2.28963, -0.0293542, -5.22505, -2.52446, -6.36986, 2.20157, 
-7.92563, 2.28963, -0.0293542, -5.22505, -2.52446, -6.36986, 2.20157, 
-7.01565, 2.23092, 0, -5.2544, -2.58317, -6.34051, 2.26027, 
-7.77886, 2.23092, 0, -5.2544, -2.58317, -6.36986, 2.26027, 
-7.77886, 2.23092, 0, -5.2544, -2.58317, -6.36986, 2.26027, 
-6.54599, 2.20157, -0.0293542, -5.22505, -2.58317, -6.34051, 2.28963, 
-7.63209, 2.20157, -0.0293542, -5.2544, -2.61252, -6.36986, 2.28963, 
-6.72211, 2.17221, 0, -5.2544, -2.64188, -6.34051, 2.31898, 
-7.51468, 2.14286, 0, -5.22505, -2.67123, -6.36986, 2.34834, 
-6.6634, 2.14286, 0, -5.22505, -2.67123, -6.36986, 2.34834, 
-6.63405, 2.14286, 0, -5.22505, -2.70059, -6.36986, 2.37769, 
-6.63405, 2.14286, 0, -5.22505, -2.70059, -6.36986, 2.37769, 
-6.45792, 2.14286, 0, -5.22505, -2.67123, -6.34051, 2.37769, 
-6.04697, 2.14286, 0, -5.2544, -2.70059, -6.36986, 2.37769, 
-6.04697, 2.14286, 0, -5.2544, -2.70059, -6.36986, 2.37769, 
-6.69276, 2.08415, 0, -5.22505, -2.75929, -6.36986, 2.40704, 
-6.69276, 2.08415, 0, -5.22505, -2.75929, -6.36986, 2.40704, 
-7.22113, 2.05479, 0, -5.22505, -2.75929, -6.34051, 2.4364, 
-6.89824, 2.08415, 0, -5.22505, -2.75929, -6.36986, 2.46575, 
-7.25049, 2.05479, 0, -5.22505, -2.78865, -6.36986, 2.46575, 
-7.25049, 2.05479, 0, -5.22505, -2.78865, -6.36986, 2.46575, 
-7.33855, 2.02544, -0.0293542, -5.19569, -2.818, -6.34051, 2.49511, 
-7.86693, 2.02544, 0, -5.19569, -2.84736, -6.34051, 2.49511, 
-7.92563, 1.99609, 0, -5.22505, -2.84736, -6.34051, 2.52446, 
-8.36595, 1.96673, -0.0293542, -5.19569, -2.90607, -6.34051, 2.55382, 
-8.89432, 1.99609, 0, -5.19569, -2.90607, -6.31115, 2.58317, 
-8.89432, 1.99609, 0, -5.19569, -2.90607, -6.31115, 2.58317, 
-7.6908, 1.99609, 0, -5.19569, -2.93542, -6.31115, 2.58317, 
-7.6908, 1.96673, 0, -5.19569, -2.96477, -6.34051, 2.64188, 
-7.63209, 1.96673, 0, -5.16634, -2.96477, -6.31115, 2.64188, 
-7.45597, 1.93738, 0, -5.16634, -2.99413, -6.31115, 2.64188, 
-7.66145, 1.93738, 0, -5.16634, -2.99413, -6.31115, 2.64188, 
-7.66145, 1.93738, 0, -5.16634, -2.99413, -6.31115, 2.64188, 
-7.13307, 1.93738, -0.0293542, -5.13698, -3.05284, -6.31115, 2.67123, 
-6.78082, 1.93738, -0.0293542, -5.16634, -3.05284, -6.31115, 2.70059, 
-6.54599, 1.93738, 0, -5.13698, -3.05284, -6.2818, 2.72994, 
-6.54599, 1.93738, 0, -5.13698, -3.05284, -6.2818, 2.72994, 
-6.92759, 1.93738, 0, -5.13698, -3.08219, -6.2818, 2.72994, 
-6.81017, 1.93738, -0.0293542, -5.13698, -3.11155, -6.2818, 2.75929, 
-6.22309, 1.93738, 0, -5.13698, -3.1409, -6.25244, 2.75929, 
-6.22309, 1.93738, 0, -5.13698, -3.1409, -6.25244, 2.75929, 
-6.36986, 1.93738, 0, -5.13698, -3.17025, -6.25244, 2.78865, 
-6.78082, 1.99609, -0.0293542, -5.10763, -3.19961, -6.2818, 2.818, 
-6.86888, 1.96673, 0, -5.13698, -3.19961, -6.25244, 2.818, 
-6.9863, 1.96673, -0.0293542, -5.13698, -3.19961, -6.2818, 2.84736, 
-7.04501, 1.96673, -0.0293542, -5.13698, -3.22896, -6.25244, 2.84736, 
-7.33855, 2.02544, 0, -5.10763, -3.25832, -6.2818, 2.84736, 
-6.89824, 1.99609, 0, -5.10763, -3.25832, -6.25244, 2.87671, 
-7.16242, 1.99609, 0, -5.10763, -3.25832, -6.25244, 2.87671, 
-7.51468, 2.02544, 0, -5.10763, -3.25832, -6.25244, 2.87671, 
-7.13307, 1.99609, 0, -5.10763, -3.25832, -6.25244, 2.87671, 
-7.19178, 2.02544, 0, -5.10763, -3.28767, -6.25244, 2.87671, 
-7.19178, 2.02544, 0, -5.10763, -3.28767, -6.25244, 2.87671, 
-7.51468, 2.02544, -0.0293542, -5.10763, -3.28767, -6.25244, 2.87671, 
-7.51468, 2.02544, -0.0293542, -5.10763, -3.28767, -6.25244, 2.87671, 
-8.36595, 2.08415, 0, -5.10763, -3.34638, -6.22309, 2.90607, 
-8.36595, 2.08415, 0, -5.10763, -3.34638, -6.22309, 2.90607, 
-7.39726, 2.40704, 0, -5.04892, -3.40509, -6.22309, 2.96477, 
-8.04305, 2.46575, -0.0293542, -5.01957, -3.43444, -6.22309, 2.99413, 
-8.04305, 2.46575, -0.0293542, -5.01957, -3.43444, -6.22309, 2.99413, 
-6.63405, 2.58317, -0.0293542, -4.99021, -3.4638, -6.22309, 3.02348, 
-6.69276, 2.61252, 0, -5.01957, -3.4638, -6.19374, 3.02348, 
-7.10372, 2.72994, 0, -4.93151, -3.49315, -6.19374, 3.05284, 
-6.9863, 2.75929, 0, -4.96086, -3.5225, -6.19374, 3.08219, 
-6.89824, 2.78865, 0, -4.93151, -3.5225, -6.19374, 3.08219, 
-6.34051, 2.818, 0, -4.93151, -3.55186, -6.19374, 3.11155, 
-6.31115, 2.84736, -0.0293542, -4.93151, -3.55186, -6.19374, 3.11155, 
-6.83953, 2.87671, 0, -4.93151, -3.55186, -6.19374, 3.11155, 
-6.83953, 2.87671, 0, -4.93151, -3.55186, -6.19374, 3.11155, 
-6.22309, 2.93542, 0, -4.90215, -3.55186, -6.19374, 3.11155, 
-6.2818, 2.93542, -0.0293542, -4.90215, -3.58121, -6.19374, 3.11155, 
-5.75342, 2.96477, 0, -4.8728, -3.58121, -6.19374, 3.11155, 
-5.75342, 2.96477, 0, -4.8728, -3.58121, -6.19374, 3.11155, 
-6.04697, 3.02348, 0, -4.84344, -3.61057, -6.19374, 3.1409, 
-6.04697, 3.02348, 0, -4.84344, -3.61057, -6.19374, 3.1409, 
-6.16438, 3.11155, -0.0293542, -4.81409, -3.61057, -6.16438, 3.1409, 
-6.39922, 3.11155, 0, -4.81409, -3.63992, -6.19374, 3.17025, 
-6.54599, 3.17025, 0, -4.81409, -3.63992, -6.16438, 3.17025, 
-6.75147, 3.19961, 0, -4.78473, -3.66928, -6.16438, 3.19961, 
-6.75147, 3.19961, 0, -4.78473, -3.66928, -6.16438, 3.19961, 
-6.78082, 3.22896, -0.0293542, -4.78473, -3.66928, -6.19374, 3.19961, 
-6.78082, 3.22896, -0.0293542, -4.78473, -3.66928, -6.19374, 3.19961, 
-6.2818, 3.25832, 0, -4.78473, -3.69863, -6.16438, 3.19961, 
-6.78082, 3.25832, 0, -4.78473, -3.69863, -6.16438, 3.19961, 
-6.78082, 3.25832, 0, -4.78473, -3.69863, -6.16438, 3.19961, 
-7.04501, 3.28767, -0.0293542, -4.75538, -3.69863, -6.19374, 3.19961, 
-7.04501, 3.28767, -0.0293542, -4.75538, -3.69863, -6.19374, 3.19961, 
-6.86888, 3.31702, 0, -4.75538, -3.69863, -6.16438, 3.19961, 
-6.86888, 3.31702, 0, -4.75538, -3.69863, -6.16438, 3.19961, 
-7.04501, 3.37573, 0, -4.72603, -3.72798, -6.16438, 3.25832, 
-7.19178, 3.43444, 0, -4.72603, -3.72798, -6.16438, 3.22896, 
-7.19178, 3.43444, 0, -4.72603, -3.72798, -6.16438, 3.22896, 
-7.57338, 3.49315, 0, -4.72603, -3.75734, -6.16438, 3.25832, 
-7.04501, 3.49315, 0, -4.72603, -3.75734, -6.16438, 3.25832, 
-7.54403, 3.5225, 0, -4.69667, -3.75734, -6.16438, 3.28767, 
-7.42661, 3.58121, 0, -4.66732, -3.78669, -6.16438, 3.28767, 
-7.42661, 3.58121, 0, -4.66732, -3.78669, -6.16438, 3.28767, 
-6.63405, 3.63992, 0, -4.63796, -3.81605, -6.13503, 3.31702, 
-6.54599, 3.66928, 0, -4.63796, -3.78669, -6.13503, 3.31702, 
-6.54599, 3.66928, 0, -4.63796, -3.78669, -6.13503, 3.31702, 
-6.54599, 3.66928, 0, -4.63796, -3.78669, -6.13503, 3.31702, 
-6.34051, 3.69863, 0, -4.60861, -3.81605, -6.13503, 3.31702, 
-5.9589, 3.69863, -0.0293542, -4.60861, -3.81605, -6.13503, 3.31702, 
-6.42857, 3.72798, 0, -4.57926, -3.8454, -6.16438, 3.34638, 
-6.42857, 3.72798, 0, -4.57926, -3.8454, -6.16438, 3.34638, 
-6.72211, 3.78669, 0, -4.57926, -3.8454, -6.16438, 3.31702, 
-6.72211, 3.78669, 0, -4.57926, -3.8454, -6.16438, 3.31702, 
-6.2818, 3.81605, 0, -4.57926, -3.8454, -6.13503, 3.34638, 
-6.2818, 3.81605, 0, -4.57926, -3.8454, -6.13503, 3.34638, 
-6.63405, 3.81605, 0, -4.5499, -3.87475, -6.13503, 3.34638, 
-6.63405, 3.81605, 0, -4.5499, -3.87475, -6.13503, 3.34638, 
-6.01761, 3.87475, 0, -4.5499, -3.90411, -6.13503, 3.37573, 
-5.87084, 3.90411, -0.0293542, -4.52055, -3.90411, -6.13503, 3.37573, 
-5.84149, 3.93346, -0.0293542, -4.52055, -3.90411, -6.13503, 3.37573, 
-5.51859, 3.93346, -0.0293542, -4.52055, -3.90411, -6.13503, 3.40509, 
-5.69471, 3.96282, 0, -4.49119, -3.93346, -6.13503, 3.40509, 
-5.10763, 4.02153, 0, -4.49119, -3.93346, -6.10567, 3.40509, 
-5.10763, 4.02153, 0, -4.49119, -3.93346, -6.10567, 3.40509, 
-5.13698, 4.05088, 0, -4.46184, -3.93346, -6.13503, 3.43444, 
-4.78473, 4.08023, -0.0293542, -4.43248, -3.96282, -6.10567, 3.43444, 
-4.75538, 4.10959, 0, -4.40313, -3.96282, -6.10567, 3.43444, 
-4.75538, 4.10959, 0, -4.40313, -3.96282, -6.10567, 3.43444, 
-3.69863, 4.1683, -0.0293542, -4.40313, -3.96282, -6.10567, 3.4638, 
-3.81605, 4.1683, 0, -4.40313, -3.99217, -6.13503, 3.43444, 
-3.81605, 4.1683, 0, -4.40313, -3.99217, -6.13503, 3.43444, 
-3.58121, 4.19765, -0.0293542, -4.37378, -3.99217, -6.10567, 3.43444, 
-3.78669, 4.25636, 0, -4.37378, -3.99217, -6.10567, 3.4638, 
-3.78669, 4.25636, 0, -4.37378, -3.99217, -6.10567, 3.4638, 
-3.40509, 4.28571, 0, -4.34442, -3.99217, -6.10567, 3.4638, 
-3.17025, 4.28571, -0.0293542, -4.31507, -4.02153, -6.10567, 3.49315, 
-3.4638, 4.34442, -0.0293542, -4.28571, -4.05088, -6.10567, 3.49315, 
-0.880626, 4.37378, -0.0293542, -4.28571, -4.08023, -6.10567, 3.49315, 
-0.880626, 4.37378, -0.0293542, -4.28571, -4.08023, -6.10567, 3.49315, 
-0.880626, 4.37378, -0.0293542, -4.28571, -4.08023, -6.10567, 3.49315, 
1.93738, 4.43248, -0.0293542, -4.25636, -4.05088, -6.07632, 3.49315, 
2.78865, 4.46184, 0, -4.25636, -4.08023, -6.10567, 3.5225, 
4.22701, 4.49119, 0, -4.25636, -4.08023, -6.10567, 3.55186, 
4.57926, 4.52055, 0, -4.22701, -4.10959, -6.07632, 3.5225, 
5.34246, 4.52055, -0.0293542, -4.22701, -4.10959, -6.07632, 3.55186, 
5.22505, 4.5499, 0, -4.22701, -4.10959, -6.10567, 3.55186, 
4.28571, 4.57926, 0, -4.1683, -4.13894, -6.07632, 3.55186, 
4.25636, 4.60861, 0, -4.19765, -4.10959, -6.07632, 3.55186, 
3.61057, 4.60861, -0.0293542, -4.1683, -4.13894, -6.07632, 3.58121, 
2.31898, 4.66732, 0, -4.1683, -4.1683, -6.07632, 3.58121, 
1.96673, 4.69667, 0, -4.13894, -4.1683, -6.07632, 3.61057, 
1.26223, 4.72603, 0, -4.10959, -4.1683, -6.07632, 3.58121, 
1.14481, 4.69667, 0, -4.13894, -4.1683, -6.07632, 3.61057, 
1.08611, 4.75538, 0, -4.08023, -4.19765, -6.07632, 3.61057, 
1.11546, 4.81409, 0, -4.08023, -4.1683, -6.04697, 3.61057, 
1.11546, 4.81409, 0, -4.08023, -4.1683, -6.04697, 3.61057, 
1.11546, 4.84344, -0.0293542, -4.05088, -4.19765, -6.07632, 3.63992, 
1.11546, 4.8728, -0.0293542, -4.05088, -4.19765, -6.04697, 3.63992, 
1.11546, 4.90215, 0, -4.02153, -4.22701, -6.07632, 3.63992, 
1.14481, 4.99021, -0.0293542, -3.99217, -4.22701, -6.04697, 3.66928, 
1.17417, 5.04892, 0, -3.96282, -4.25636, -6.04697, 3.66928, 
1.17417, 5.07828, 0, -3.93346, -4.25636, -6.04697, 3.69863, 
1.17417, 5.13698, 0, -3.90411, -4.28571, -6.04697, 3.72798, 
1.20352, 5.16634, -0.0293542, -3.90411, -4.28571, -6.04697, 3.72798, 
1.20352, 5.19569, 0, -3.90411, -4.28571, -6.04697, 3.72798, 
1.20352, 5.19569, 0, -3.87475, -4.28571, -6.04697, 3.75734, 
1.20352, 5.19569, 0, -3.87475, -4.28571, -6.04697, 3.72798, 
1.23288, 5.22505, 0, -3.8454, -4.31507, -6.04697, 3.72798, 
1.20352, 5.2544, -0.0293542, -3.8454, -4.31507, -6.04697, 3.75734, 
1.23288, 5.28376, 0, -3.81605, -4.31507, -6.01761, 3.78669, 
1.23288, 5.28376, 0, -3.81605, -4.31507, -6.01761, 3.78669, 
1.23288, 5.28376, -0.0293542, -3.81605, -4.31507, -6.01761, 3.78669, 
1.23288, 5.28376, -0.0293542, -3.81605, -4.31507, -6.01761, 3.78669, 
1.23288, 5.31311, 0, -3.81605, -4.34442, -6.01761, 3.78669, 
1.26223, 5.34246, 0, -3.78669, -4.34442, -6.01761, 3.78669, 
1.26223, 5.34246, -0.0293542, -3.78669, -4.34442, -6.01761, 3.78669, 
1.26223, 5.37182, 0, -3.75734, -4.37378, -6.01761, 3.81605, 
1.26223, 5.40117, -0.0293542, -3.75734, -4.37378, -6.01761, 3.78669, 
1.26223, 5.40117, -0.0293542, -3.75734, -4.37378, -6.01761, 3.78669, 
1.26223, 5.43053, 0, -3.72798, -4.37378, -6.01761, 3.78669, 
1.29158, 5.43053, 0, -3.72798, -4.37378, -6.01761, 3.81605, 
1.29158, 5.43053, 0, -3.72798, -4.37378, -6.01761, 3.81605, 
1.29158, 5.43053, 0, -3.69863, -4.40313, -5.98826, 3.81605, 
1.29158, 5.43053, 0, -3.69863, -4.40313, -5.98826, 3.81605, 
1.26223, 5.45988, -0.0293542, -3.66928, -4.40313, -6.01761, 3.81605, 
1.29158, 5.43053, 0, -3.66928, -4.43248, -6.01761, 3.81605, 
1.29158, 5.43053, 0, -3.63992, -4.40313, -5.98826, 3.81605, 
2.26027, 5.43053, 0, -3.63992, -4.43248, -6.01761, 3.81605, 
2.26027, 5.43053, 0, -3.63992, -4.43248, -6.01761, 3.81605, 
4.1683, 5.43053, 0, -3.61057, -4.46184, -6.01761, 3.8454, 
4.1683, 5.43053, 0, -3.61057, -4.46184, -6.01761, 3.8454, 
4.93151, 5.40117, 0, -3.58121, -4.46184, -5.98826, 3.87475, 
4.93151, 5.40117, 0, -3.58121, -4.49119, -5.98826, 3.8454, 
4.93151, 5.43053, 0, -3.55186, -4.46184, -5.98826, 3.87475, 
5.84149, 5.43053, 0, -3.5225, -4.49119, -5.98826, 3.87475, 
6.10567, 5.43053, 0, -3.49315, -4.52055, -5.98826, 3.87475, 
6.01761, 5.43053, 0, -3.49315, -4.52055, -5.9589, 3.90411, 
6.13503, 5.43053, -0.0293542, -3.4638, -4.52055, -5.98826, 3.93346, 
6.36986, 5.43053, 0, -3.4638, -4.52055, -5.98826, 3.93346, 
6.89824, 5.43053, 0, -3.43444, -4.5499, -5.9589, 3.93346, 
6.89824, 5.43053, 0, -3.43444, -4.5499, -5.9589, 3.93346, 
6.89824, 5.43053, 0, -3.43444, -4.5499, -5.9589, 3.93346, 
6.89824, 5.43053, 0, -3.43444, -4.5499, -5.9589, 3.93346, 
6.89824, 5.43053, 0, -3.43444, -4.5499, -5.9589, 3.93346, 
6.89824, 5.43053, 0, -3.43444, -4.5499, -5.9589, 3.93346, 
6.89824, 5.43053, 0, -3.43444, -4.5499, -5.9589, 3.93346, 
6.89824, 5.43053, 0, -3.43444, -4.5499, -5.9589, 3.93346, 
6.89824, 5.43053, 0, -3.43444, -4.5499, -5.9589, 3.93346, 
7.3679, 5.40117, 0, -3.34638, -4.57926, -5.9589, 3.96282, 
7.19178, 5.40117, -0.0293542, -3.31702, -4.60861, -5.9589, 3.96282, 
7.19178, 5.40117, -0.0293542, -3.31702, -4.60861, -5.9589, 3.96282, 
7.72015, 5.40117, 0, -3.31702, -4.60861, -5.92955, 3.99217, 
6.95695, 5.40117, 0, -3.28767, -4.60861, -5.9589, 3.99217, 
6.95695, 5.40117, 0, -3.28767, -4.60861, -5.9589, 3.99217, 
6.45792, 5.43053, -0.0293542, -3.28767, -4.63796, -5.9589, 3.99217, 
7.3092, 5.40117, 0, -3.25832, -4.63796, -5.9589, 4.02153, 
6.69276, 5.40117, 0, -3.22896, -4.66732, -5.9589, 4.02153, 
6.6634, 5.40117, 0, -3.22896, -4.66732, -5.9589, 4.02153, 
6.6634, 5.40117, 0, -3.22896, -4.66732, -5.9589, 4.02153, 
6.69276, 5.40117, 0, -3.22896, -4.69667, -5.9589, 4.02153, 
6.57534, 5.43053, -0.0293542, -3.19961, -4.66732, -5.92955, 4.02153, 
5.60665, 5.40117, -0.0293542, -3.19961, -4.69667, -5.9589, 4.05088, 
6.01761, 5.40117, 0, -3.17025, -4.69667, -5.92955, 4.02153, 
6.22309, 5.40117, -0.0293542, -3.19961, -4.72603, -5.92955, 4.05088, 
5.84149, 5.40117, 0, -3.17025, -4.72603, -5.92955, 4.05088, 
5.28376, 5.40117, -0.0293542, -3.17025, -4.72603, -5.92955, 4.05088, 
4.75538, 5.40117, 0, -3.1409, -4.72603, -5.92955, 4.05088, 
4.52055, 5.40117, 0, -3.11155, -4.72603, -5.92955, 4.05088, 
4.78473, 5.40117, 0, -3.11155, -4.72603, -5.90019, 4.05088, 
4.78473, 5.40117, 0, -3.11155, -4.72603, -5.90019, 4.05088, 
4.78473, 5.40117, 0, -3.11155, -4.72603, -5.90019, 4.05088, 
4.78473, 5.40117, 0, -3.11155, -4.72603, -5.90019, 4.05088, 
3.69863, 5.40117, 0, -3.05284, -4.78473, -5.90019, 4.10959, 
5.13698, 5.40117, -0.0293542, -3.02348, -4.78473, -5.90019, 4.13894, 
5.01957, 5.40117, 0, -3.02348, -4.81409, -5.90019, 4.13894, 
5.37182, 5.43053, 0, -2.99413, -4.81409, -5.90019, 4.13894, 
4.8728, 5.43053, 0, -2.99413, -4.84344, -5.90019, 4.13894, 
5.60665, 5.40117, 0, -2.99413, -4.81409, -5.90019, 4.13894, 
5.84149, 5.40117, 0, -2.96477, -4.84344, -5.90019, 4.13894, 
6.25244, 5.40117, 0, -2.96477, -4.84344, -5.90019, 4.13894, 
6.36986, 5.40117, 0, -2.93542, -4.84344, -5.90019, 4.1683, 
6.07632, 5.40117, 0, -2.90607, -4.8728, -5.90019, 4.1683, 
6.34051, 5.40117, 0, -2.90607, -4.8728, -5.90019, 4.1683, 
6.95695, 5.43053, 0, -2.90607, -4.8728, -5.87084, 4.1683, 
6.86888, 5.40117, 0, -2.87671, -4.93151, -5.90019, 4.19765, 
6.86888, 5.43053, 0, -2.84736, -4.93151, -5.87084, 4.19765, 
7.16242, 5.40117, 0, -2.818, -4.93151, -5.87084, 4.22701, 
7.63209, 5.40117, 0, -2.78865, -4.93151, -5.90019, 4.22701, 
6.92759, 5.40117, -0.0293542, -2.78865, -4.96086, -5.87084, 4.22701, 
7.72015, 5.40117, 0, -2.78865, -4.96086, -5.87084, 4.22701, 
7.72015, 5.40117, 0, -2.78865, -4.96086, -5.87084, 4.22701, 
7.6908, 5.43053, 0, -2.75929, -4.99021, -5.87084, 4.25636, 
7.54403, 5.40117, 0, -2.78865, -4.99021, -5.87084, 4.25636, 
8.24853, 5.43053, 0, -2.75929, -5.01957, -5.87084, 4.25636, 
7.54403, 5.40117, 0, -2.75929, -5.01957, -5.87084, 4.28571, 
6.54599, 5.40117, -0.0293542, -2.70059, -5.01957, -5.87084, 4.31507, 
6.75147, 5.40117, 0, -2.67123, -5.01957, -5.84149, 4.31507, 
6.81017, 5.40117, 0, -2.67123, -5.01957, -5.84149, 4.31507, 
6.86888, 5.40117, 0, -2.67123, -5.01957, -5.84149, 4.31507, 
6.86888, 5.40117, 0, -2.67123, -5.01957, -5.84149, 4.31507, 
7.01565, 5.37182, 0, -2.64188, -5.07828, -5.84149, 4.34442, 
6.39922, 5.40117, 0, -2.64188, -5.07828, -5.84149, 4.34442, 
5.92955, 5.37182, -0.0293542, -2.64188, -5.07828, -5.81213, 4.37378, 
6.83953, 5.37182, 0, -2.61252, -5.07828, -5.81213, 4.40313, 
7.13307, 5.37182, 0, -2.61252, -5.10763, -5.81213, 4.40313, 
7.25049, 5.37182, 0, -2.58317, -5.10763, -5.84149, 4.40313, 
7.07436, 4.90215, 0, -2.55382, -5.13698, -5.81213, 4.40313, 
7.3679, 5.34246, -0.0293542, -2.55382, -5.13698, -5.81213, 4.40313, 
7.92563, 5.31311, -0.0293542, -2.52446, -5.16634, -5.81213, 4.43248, 
7.60274, 5.31311, 0, -2.52446, -5.16634, -5.81213, 4.46184, 
7.33855, 5.31311, 0, -2.52446, -5.19569, -5.81213, 4.46184, 
8.27788, 5.31311, -0.0293542, -2.52446, -5.16634, -5.78278, 4.46184, 
8.77691, 5.31311, 0, -2.49511, -5.19569, -5.81213, 4.49119, 
8.21918, 5.28376, 0, -2.49511, -5.19569, -5.78278, 4.46184, 
7.48532, 5.31311, 0, -2.49511, -5.19569, -5.78278, 4.49119, 
6.92759, 5.28376, 0, -2.49511, -5.2544, -5.78278, 4.52055, 
8.30724, 5.2544, -0.0293542, -2.46575, -5.2544, -5.78278, 4.52055, 
8.0137, 5.22505, 0, -2.49511, -5.22505, -5.75342, 4.5499, 
6.81017, 5.2544, 0, -2.49511, -5.2544, -5.81213, 4.5499, 
7.39726, 5.22505, 0, -2.49511, -5.2544, -5.78278, 4.52055, 
7.16242, 5.22505, -0.0293542, -2.46575, -5.2544, -5.81213, 4.52055, 
6.72211, 5.19569, 0, -2.46575, -5.28376, -5.78278, 4.57926, 
6.54599, 5.16634, 0, -2.46575, -5.28376, -5.78278, 4.57926, 
6.13503, 5.13698, -0.0293542, -2.4364, -5.34246, -5.78278, 4.60861, 
5.9589, 5.10763, 0, -2.4364, -5.34246, -5.78278, 4.60861, 
6.16438, 5.13698, 0, -2.4364, -5.31311, -5.78278, 4.60861, 
5.60665, 5.07828, 0, -2.4364, -5.37182, -5.78278, 4.63796, 
5.60665, 5.07828, 0, -2.4364, -5.37182, -5.78278, 4.63796, 
5.60665, 5.07828, 0, -2.4364, -5.37182, -5.78278, 4.63796, 
4.5499, 5.01957, 0, -2.4364, -5.37182, -5.78278, 4.66732, 
4.5499, 5.01957, 0, -2.4364, -5.37182, -5.78278, 4.66732, 
6.07632, 5.01957, 0, -2.4364, -5.43053, -5.81213, 4.66732, 
6.01761, 5.01957, 0, -2.40704, -5.43053, -5.78278, 4.69667, 
6.31115, 5.01957, -0.0293542, -2.4364, -5.40117, -5.78278, 4.69667, 
6.6634, 4.93151, 0, -2.4364, -5.43053, -5.78278, 4.72603, 
6.6634, 4.93151, 0, -2.4364, -5.43053, -5.78278, 4.72603, 
6.92759, 4.93151, 0, -2.40704, -5.45988, -5.78278, 4.75538, 
7.16242, 4.93151, 0, -2.40704, -5.45988, -5.78278, 4.75538, 
7.04501, 4.93151, 0, -2.4364, -5.48924, -5.78278, 4.75538, 
6.83953, 4.90215, 0, -2.4364, -5.48924, -5.81213, 4.75538, 
7.6908, 4.90215, -0.0293542, -2.4364, -5.45988, -5.78278, 4.75538, 
7.54403, 4.8728, 0, -2.4364, -5.48924, -5.81213, 4.78473, 
8.30724, 4.81409, -0.0293542, -2.4364, -5.48924, -5.78278, 4.81409, 
7.54403, 4.78473, 0, -2.4364, -5.48924, -5.81213, 4.84344, 
6.78082, 4.78473, 0, -2.40704, -5.51859, -5.78278, 4.84344, 
6.54599, 4.78473, 0, -2.4364, -5.51859, -5.78278, 4.84344, 
6.75147, 4.75538, 0, -2.4364, -5.51859, -5.78278, 4.8728, 
7.27984, 4.72603, 0, -2.4364, -5.51859, -5.81213, 4.84344, 
6.54599, 4.72603, 0, -2.40704, -5.51859, -5.78278, 4.8728, 
6.45792, 4.69667, 0, -2.40704, -5.51859, -5.78278, 4.8728, 
6.48728, 4.66732, -0.0293542, -2.4364, -5.51859, -5.78278, 4.8728, 
5.2544, 4.63796, 0, -2.4364, -5.5773, -5.78278, 4.90215, 
5.19569, 4.60861, 0, -2.46575, -5.5773, -5.78278, 4.90215, 
6.69276, 4.57926, 0, -2.46575, -5.5773, -5.78278, 4.93151, 
6.60469, 4.5499, 0, -2.46575, -5.5773, -5.81213, 4.93151, 
6.86888, 4.52055, 0, -2.46575, -5.5773, -5.78278, 4.93151, 
7.16242, 4.49119, -0.0293542, -2.46575, -5.60665, -5.81213, 4.93151, 
6.9863, 4.46184, 0, -2.49511, -5.60665, -5.78278, 4.93151, 
6.9863, 4.46184, -0.0293542, -2.46575, -5.60665, -5.78278, 4.93151, 
6.19374, 4.43248, 0, -2.46575, -5.60665, -5.78278, 4.96086, 
6.19374, 4.43248, 0, -2.46575, -5.60665, -5.78278, 4.96086, 
6.6634, 4.37378, 0, -2.46575, -5.63601, -5.78278, 4.96086, 
6.01761, 4.34442, 0, -2.49511, -5.63601, -5.81213, 4.99021, 
5.78278, 4.34442, 0, -2.52446, -5.63601, -5.78278, 4.99021, 
5.72407, 4.34442, 0, -2.52446, -5.63601, -5.78278, 4.96086, 
5.72407, 4.34442, 0, -2.52446, -5.63601, -5.78278, 4.96086, 
4.99021, 4.31507, 0, -2.52446, -5.63601, -5.81213, 4.99021, 
4.81409, 4.28571, 0, -2.52446, -5.63601, -5.81213, 4.99021, 
4.46184, 4.25636, 0, -2.52446, -5.66536, -5.81213, 4.99021, 
4.10959, 4.25636, -0.0293542, -2.55382, -5.66536, -5.81213, 5.01957, 
4.34442, 4.22701, -0.0293542, -2.55382, -5.66536, -5.81213, 5.01957, 
3.90411, 4.22701, 0, -2.55382, -5.66536, -5.81213, 4.99021, 
3.90411, 4.22701, 0, -2.55382, -5.66536, -5.81213, 4.99021, 
4.19765, 4.19765, 0, -2.55382, -5.66536, -5.81213, 5.01957, 
4.19765, 4.19765, 0, -2.55382, -5.66536, -5.81213, 5.01957, 
1.81996, 4.10959, 0, -2.55382, -5.69471, -5.78278, 5.01957, 
1.81996, 4.10959, 0, -2.55382, -5.69471, -5.78278, 5.01957, 
2.67123, 4.08023, -0.0293542, -2.58317, -5.69471, -5.78278, 5.04892, 
2.67123, 4.08023, -0.0293542, -2.58317, -5.69471, -5.78278, 5.04892, 
0.616438, 3.99217, 0, -2.61252, -5.69471, -5.78278, 5.04892, 
0.469667, 4.02153, 0, -2.58317, -5.72407, -5.78278, 5.07828, 
0.146771, 3.99217, 0, -2.61252, -5.72407, -5.78278, 5.07828, 
-0.733855, 3.93346, 0, -2.61252, -5.72407, -5.78278, 5.07828, 
-1.05675, 3.90411, 0, -2.61252, -5.72407, -5.78278, 5.07828, 
-1.05675, 3.90411, 0, -2.61252, -5.72407, -5.78278, 5.07828, 
-3.99217, 3.90411, -0.0293542, -2.61252, -5.72407, -5.81213, 5.10763, 
-3.99217, 3.90411, -0.0293542, -2.61252, -5.72407, -5.81213, 5.10763, 
-3.99217, 3.90411, -0.0293542, -2.61252, -5.72407, -5.81213, 5.10763, 
-6.22309, 3.75734, 0, -2.64188, -5.78278, -5.81213, 5.13698, 
-6.42857, 3.72798, 0, -2.67123, -5.78278, -5.78278, 5.13698, 
-6.34051, 3.69863, 0, -2.67123, -5.81213, -5.78278, 5.13698, 
-6.2818, 3.63992, 0, -2.67123, -5.81213, -5.81213, 5.16634, 
-6.48728, 3.63992, 0, -2.67123, -5.81213, -5.78278, 5.13698, 
-5.48924, 3.55186, 0, -2.72994, -5.81213, -5.78278, 5.16634, 
-5.48924, 3.55186, 0, -2.72994, -5.81213, -5.81213, 5.16634, 
-4.46184, 3.49315, -0.0293542, -2.72994, -5.81213, -5.78278, 5.19569, 
-4.46184, 3.49315, -0.0293542, -2.72994, -5.81213, -5.78278, 5.19569, 
-3.81605, 3.43444, 0, -2.72994, -5.81213, -5.78278, 5.19569, 
-3.5225, 3.43444, -0.0293542, -2.75929, -5.81213, -5.81213, 5.19569, 
-3.5225, 3.43444, -0.0293542, -2.75929, -5.81213, -5.81213, 5.19569, 
-3.55186, 3.37573, -0.0293542, -2.72994, -5.84149, -5.78278, 5.22505, 
-2.93542, 3.34638, -0.0293542, -2.75929, -5.81213, -5.81213, 5.22505, 
-2.61252, 3.34638, 0, -2.75929, -5.84149, -5.78278, 5.22505, 
-2.61252, 3.34638, 0, -2.75929, -5.84149, -5.78278, 5.22505, 
-1.70254, 3.28767, 0, -2.78865, -5.84149, -5.81213, 5.2544, 
-1.70254, 3.28767, 0, -2.78865, -5.84149, -5.81213, 5.2544, 
-1.43836, 3.25832, 0, -2.75929, -5.84149, -5.78278, 5.2544, 
-1.17417, 3.28767, 0, -2.78865, -5.84149, -5.78278, 5.2544, 
-0.90998, 3.25832, 0, -2.75929, -5.84149, -5.81213, 5.2544, 
-0.616438, 3.22896, 0, -2.78865, -5.84149, -5.81213, 5.2544, 
-1.26223, 3.17025, 0, -2.818, -5.84149, -5.78278, 5.28376, 
-1.90802, 3.1409, -0.0293542, -2.818, -5.87084, -5.78278, 5.2544, 
-5.92955, 3.11155, 0, -2.84736, -5.84149, -5.81213, 5.28376, 
-6.22309, 3.05284, 0, -2.818, -5.87084, -5.78278, 5.28376, 
-6.63405, 3.02348, 0, -2.84736, -5.87084, -5.78278, 5.31311, 
-6.6634, 2.99413, 0, -2.84736, -5.87084, -5.78278, 5.31311, 
-6.9863, 2.96477, -0.0293542, -2.84736, -5.87084, -5.81213, 5.34246, 
-6.9863, 2.96477, 0, -2.84736, -5.87084, -5.78278, 5.34246, 
-6.92759, 2.93542, -0.0293542, -2.87671, -5.87084, -5.78278, 5.34246, 
-6.75147, 2.90607, 0, -2.87671, -5.90019, -5.78278, 5.34246, 
-7.57338, 2.818, 0, -2.90607, -5.87084, -5.78278, 5.34246, 
-7.57338, 2.818, 0, -2.90607, -5.87084, -5.78278, 5.34246, 
-7.95499, 2.818, 0, -2.90607, -5.90019, -5.78278, 5.37182, 
-7.07436, 2.75929, -0.0293542, -2.93542, -5.92955, -5.81213, 5.40117, 
-7.98434, 2.75929, 0, -2.93542, -5.90019, -5.81213, 5.40117, 
-7.98434, 2.75929, 0, -2.93542, -5.90019, -5.81213, 5.40117, 
-7.3679, 2.72994, 0, -2.93542, -5.90019, -5.81213, 5.40117, 
-6.51663, 2.72994, 0, -2.93542, -5.90019, -5.81213, 5.40117, 
-6.89824, 2.70059, 0, -2.93542, -5.92955, -5.78278, 5.40117, 
-6.39922, 2.67123, 0, -2.96477, -5.92955, -5.78278, 5.40117, 
-6.16438, 2.67123, 0, -2.93542, -5.92955, -5.81213, 5.43053, 
-6.16438, 2.67123, 0, -2.93542, -5.92955, -5.81213, 5.43053, 
-5.87084, 2.64188, -0.0293542, -2.96477, -5.92955, -5.78278, 5.43053, 
-6.22309, 2.61252, 0, -2.96477, -5.92955, -5.81213, 5.45988, 
-6.54599, 2.55382, 0, -2.99413, -5.92955, -5.78278, 5.45988, 
-6.51663, 2.58317, 0, -2.99413, -5.9589, -5.78278, 5.43053, 
-6.95695, 2.58317, 0, -2.99413, -5.92955, -5.78278, 5.45988, 
-7.16242, 2.52446, 0, -3.02348, -5.9589, -5.78278, 5.48924, 
-7.42661, 2.52446, 0, -3.02348, -5.9589, -5.78278, 5.48924, 
-7.25049, 2.49511, 0, -3.02348, -5.9589, -5.78278, 5.48924, 
-7.25049, 2.49511, 0, -3.02348, -5.9589, -5.78278, 5.48924, 
-7.60274, 2.49511, 0, -3.02348, -5.9589, -5.78278, 5.48924, 
-7.60274, 2.49511, 0, -3.02348, -5.9589, -5.78278, 5.48924, 
-7.83757, 2.46575, -0.0293542, -3.05284, -5.9589, -5.78278, 5.48924, 
-7.83757, 2.46575, -0.0293542, -3.05284, -5.9589, -5.78278, 5.48924, 
-8.04305, 2.4364, -0.0293542, -3.05284, -5.98826, -5.81213, 5.51859, 
-7.95499, 2.4364, 0, -3.05284, -5.98826, -5.78278, 5.51859, 
-8.45401, 2.4364, 0, -3.05284, -5.9589, -5.81213, 5.51859, 
-8.57143, 2.4364, 0, -3.08219, -5.98826, -5.78278, 5.51859, 
-7.77886, 2.40704, 0, -3.05284, -5.98826, -5.81213, 5.54794, 
-7.39726, 2.37769, -0.0293542, -3.08219, -5.9589, -5.78278, 5.51859, 
-7.16242, 2.40704, 0, -3.08219, -5.98826, -5.78278, 5.54794, 
-7.19178, 2.37769, 0, -3.11155, -5.98826, -5.78278, 5.54794, 
-8.36595, 2.37769, -0.0293542, -3.11155, -5.98826, -5.81213, 5.54794, 
-7.39726, 2.37769, 0, -3.08219, -5.98826, -5.78278, 5.54794, 
-6.86888, 2.34834, 0, -3.11155, -6.01761, -5.78278, 5.5773, 
-6.89824, 2.34834, 0, -3.1409, -6.01761, -5.81213, 5.5773, 
-6.6634, 2.31898, -0.0293542, -3.11155, -6.01761, -5.78278, 5.60665, 
-5.9589, 2.28963, 0, -3.11155, -6.01761, -5.78278, 5.63601, 
-5.84149, 2.28963, -0.0293542, -3.1409, -6.01761, -5.78278, 5.60665, 
-5.63601, 2.28963, -0.0293542, -3.11155, -6.01761, -5.78278, 5.63601, 
-7.01565, 2.28963, -0.0293542, -3.1409, -6.04697, -5.78278, 5.63601, 
-6.31115, 2.28963, 0, -3.1409, -6.01761, -5.81213, 5.63601, 
-6.78082, 2.28963, 0, -3.1409, -6.04697, -5.78278, 5.63601, 
-7.45597, 2.26027, 0, -3.1409, -6.04697, -5.81213, 5.66536, 
-7.19178, 2.26027, -0.0293542, -3.17025, -6.04697, -5.78278, 5.66536, 
-7.83757, 2.26027, 0, -3.1409, -6.04697, -5.78278, 5.66536, 
-7.39726, 2.26027, 0, -3.17025, -6.07632, -5.78278, 5.69471, 
-8.42465, 2.26027, 0, -3.17025, -6.04697, -5.81213, 5.69471, 
-8.60078, 2.26027, 0, -3.17025, -6.07632, -5.81213, 5.69471, 
-7.98434, 2.23092, -0.0293542, -3.17025, -6.07632, -5.81213, 5.72407, 
-7.01565, 2.23092, 0, -3.17025, -6.07632, -5.78278, 5.69471, 
-8.24853, 2.23092, 0, -3.17025, -6.07632, -5.81213, 5.72407, 
-8.30724, 2.26027, 0, -3.17025, -6.07632, -5.78278, 5.75342, 
-8.33659, 2.23092, 0, -3.17025, -6.07632, -5.78278, 5.69471, 
-8.24853, 2.23092, 0, -3.17025, -6.07632, -5.81213, 5.72407, 
-7.27984, 2.26027, -0.0293542, -3.17025, -6.07632, -5.78278, 5.72407, 
-7.27984, 2.26027, -0.0293542, -3.17025, -6.07632, -5.78278, 5.72407, 
-6.9863, 2.23092, 0, -3.17025, -6.07632, -5.78278, 5.72407, 
-6.6634, 2.26027, 0, -3.1409, -6.07632, -5.78278, 5.72407, 
-6.63405, 2.26027, 0, -3.17025, -6.10567, -5.78278, 5.72407, 
-6.63405, 2.26027, 0, -3.17025, -6.10567, -5.78278, 5.72407, 
-6.25244, 2.28963, 0, -3.17025, -6.10567, -5.78278, 5.75342, 
-5.92955, 2.28963, 0, -3.17025, -6.10567, -5.78278, 5.72407, 
-7.07436, 2.28963, 0, -3.1409, -6.10567, -5.81213, 5.72407, 
-7.07436, 2.28963, 0, -3.1409, -6.10567, -5.81213, 5.72407, 
-5.9589, 2.28963, -0.0293542, -3.1409, -6.10567, -5.81213, 5.75342, 
-6.6634, 2.28963, -0.0293542, -3.17025, -6.10567, -5.78278, 5.72407, 
-6.57534, 2.31898, -0.0293542, -3.17025, -6.10567, -5.78278, 5.75342, 
-6.69276, 2.34834, 0, -3.17025, -6.10567, -5.78278, 5.75342, 
-6.51663, 2.34834, 0, -3.17025, -6.13503, -5.78278, 5.75342, 
-7.3679, 2.40704, 0, -3.17025, -6.13503, -5.78278, 5.75342, 
-7.3092, 2.46575, 0, -3.1409, -6.13503, -5.81213, 5.78278, 
-7.33855, 2.61252, 0, -3.1409, -6.13503, -5.78278, 5.78278, 
-7.66145, 2.64188, 0, -3.1409, -6.13503, -5.81213, 5.78278, 
-7.80822, 2.70059, 0, -3.1409, -6.13503, -5.78278, 5.78278, 
-7.13307, 2.78865, 0, -3.11155, -6.13503, -5.81213, 5.78278, 
-7.3092, 2.818, -0.0293542, -3.11155, -6.16438, -5.78278, 5.78278, 
-6.60469, 2.818, 0, -3.11155, -6.13503, -5.78278, 5.78278, 
-6.89824, 2.93542, -0.0293542, -3.1409, -6.16438, -5.81213, 5.78278, 
-6.83953, 2.96477, -0.0293542, -3.11155, -6.16438, -5.78278, 5.78278, 
-6.75147, 2.99413, 0, -3.11155, -6.16438, -5.81213, 5.78278, 
-6.75147, 2.99413, 0, -3.11155, -6.16438, -5.81213, 5.78278, 
-6.39922, 3.05284, 0, -3.11155, -6.16438, -5.81213, 5.78278, 
-6.16438, 3.08219, -0.0293542, -3.11155, -6.16438, -5.78278, 5.81213, 
-6.16438, 3.08219, -0.0293542, -3.11155, -6.16438, -5.78278, 5.81213, 
-6.19374, 3.1409, -0.0293542, -3.08219, -6.16438, -5.78278, 5.78278, 
-6.19374, 3.19961, 0, -3.08219, -6.16438, -5.78278, 5.81213, 
-6.16438, 3.28767, 0, -3.05284, -6.16438, -5.78278, 5.81213, 
-6.16438, 3.28767, 0, -3.05284, -6.16438, -5.78278, 5.81213, 
-5.72407, 3.31702, 0, -3.08219, -6.19374, -5.78278, 5.81213, 
-4.28571, 3.4638, 0, -3.02348, -6.19374, -5.78278, 5.84149, 
-4.49119, 3.49315, 0, -3.05284, -6.19374, -5.75342, 5.81213, 
-4.52055, 3.55186, 0, -3.02348, -6.19374, -5.75342, 5.81213, 
-3.25832, 3.63992, 0, -3.02348, -6.19374, -5.75342, 5.84149, 
-4.99021, 3.72798, 0, -3.02348, -6.19374, -5.75342, 5.84149, 
-5.01957, 3.72798, -0.0293542, -3.02348, -6.19374, -5.75342, 5.84149, 
-5.87084, 3.81605, 0, -2.99413, -6.16438, -5.72407, 5.84149, 
-6.10567, 3.90411, -0.0293542, -2.99413, -6.16438, -5.75342, 5.84149, 
-5.84149, 3.93346, 0, -2.99413, -6.16438, -5.75342, 5.87084, 
-6.63405, 3.93346, 0, -2.99413, -6.16438, -5.75342, 5.87084, 
-5.40117, 4.02153, 0, -2.96477, -6.19374, -5.75342, 5.84149, 
-5.37182, 4.05088, 0, -2.96477, -6.19374, -5.72407, 5.87084, 
-3.93346, 4.13894, 0, -2.93542, -6.16438, -5.72407, 5.87084, 
-3.99217, 4.1683, 0, -2.93542, -6.19374, -5.72407, 5.87084, 
-3.99217, 4.1683, 0, -2.93542, -6.19374, -5.72407, 5.87084, 
-3.40509, 4.22701, -0.0293542, -2.93542, -6.16438, -5.69471, 5.87084, 
-2.75929, 4.25636, 0, -2.90607, -6.19374, -5.69471, 5.87084, 
-2.75929, 4.25636, 0, -2.90607, -6.19374, -5.69471, 5.87084, 
-3.11155, 4.31507, 0, -2.90607, -6.19374, -5.72407, 5.87084, 
-2.17221, 4.40313, -0.0293542, -2.87671, -6.19374, -5.69471, 5.87084, 
-2.17221, 4.40313, -0.0293542, -2.87671, -6.19374, -5.69471, 5.87084, 
-1.90802, 4.43248, 0, -2.87671, -6.19374, -5.72407, 5.87084, 
-1.58513, 4.43248, -0.0293542, -2.87671, -6.19374, -5.69471, 5.87084, 
0.0587084, 4.60861, 0, -2.818, -6.19374, -5.69471, 5.90019, 
0.146771, 4.60861, 0, -2.84736, -6.16438, -5.69471, 5.90019, 
0.264188, 4.60861, 0, -2.818, -6.19374, -5.69471, 5.90019, 
0.528376, 4.63796, 0, -2.84736, -6.19374, -5.69471, 5.90019, 
1.55577, 4.75538, 0, -2.818, -6.19374, -5.69471, 5.90019, 
1.23288, 4.78473, -0.0293542, -2.818, -6.16438, -5.66536, 5.90019, 
1.58513, 4.8728, 0, -2.78865, -6.16438, -5.66536, 5.90019, 
1.76125, 4.90215, 0, -2.78865, -6.19374, -5.69471, 5.92955, 
1.76125, 4.90215, 0, -2.78865, -6.19374, -5.69471, 5.92955, 
1.76125, 4.90215, 0, -2.78865, -6.19374, -5.69471, 5.92955, 
2.14286, 4.93151, -0.0293542, -2.75929, -6.19374, -5.66536, 5.92955, 
3.58121, 4.96086, 0, -2.75929, -6.19374, -5.66536, 5.92955, 
3.8454, 4.99021, 0, -2.75929, -6.19374, -5.69471, 5.92955, 
3.93346, 5.01957, 0, -2.75929, -6.16438, -5.66536, 5.92955, 
4.57926, 5.04892, -0.0293542, -2.75929, -6.19374, -5.63601, 5.92955, 
5.90019, 5.16634, 0, -2.70059, -6.19374, -5.63601, 5.92955, 
6.13503, 5.16634, 0, -2.70059, -6.19374, -5.66536, 5.92955, 
5.78278, 5.19569, 0, -2.70059, -6.19374, -5.63601, 5.9589, 
5.69471, 5.22505, 0, -2.70059, -6.16438, -5.63601, 5.9589, 
6.45792, 5.31311, 0, -2.67123, -6.19374, -5.63601, 5.9589, 
6.04697, 5.31311, 0, -2.67123, -6.16438, -5.63601, 5.9589, 
6.6634, 5.37182, 0, -2.67123, -6.16438, -5.63601, 5.98826, 
7.3679, 5.43053, 0, -2.64188, -6.19374, -5.63601, 5.9589, 
6.54599, 5.43053, 0, -2.61252, -6.16438, -5.60665, 5.98826, 
6.81017, 5.43053, 0, -2.61252, -6.19374, -5.60665, 5.9589, 
6.81017, 5.43053, 0, -2.61252, -6.19374, -5.60665, 5.9589, 
6.10567, 5.43053, -0.0293542, -2.58317, -6.19374, -5.63601, 5.98826, 
6.10567, 5.43053, -0.0293542, -2.58317, -6.19374, -5.63601, 5.98826, 
5.60665, 5.43053, 0, -2.58317, -6.16438, -5.60665, 5.98826, 
5.45988, 5.43053, 0, -2.58317, -6.19374, -5.60665, 5.98826, 
5.16634, 5.43053, 0, -2.58317, -6.19374, -5.60665, 5.98826, 
5.16634, 5.43053, 0, -2.58317, -6.19374, -5.60665, 5.98826, 
5.01957, 5.43053, 0, -2.58317, -6.19374, -5.5773, 5.98826, 
5.37182, 5.43053, -0.0293542, -2.55382, -6.19374, -5.60665, 5.98826, 
3.28767, 5.43053, 0, -2.55382, -6.16438, -5.60665, 6.01761, 
3.28767, 5.43053, 0, -2.55382, -6.16438, -5.60665, 6.01761, 
2.23092, 5.40117, -0.0293542, -2.49511, -6.19374, -5.5773, 6.01761, 
-0.587084, 5.40117, 0, -2.49511, -6.19374, -5.5773, 6.01761, 
-0.176125, 5.40117, -0.0293542, -2.49511, -6.16438, -5.5773, 6.01761, 
-0.264188, 5.40117, 0, -2.46575, -6.19374, -5.5773, 6.01761, 
-0.264188, 5.40117, 0, -2.46575, -6.19374, -5.5773, 6.01761, 
1.58513, 5.40117, 0, -2.49511, -6.19374, -5.5773, 6.01761, 
5.37182, 5.40117, -0.0293542, -2.46575, -6.19374, -5.54794, 6.01761, 
5.69471, 5.40117, -0.0293542, -2.46575, -6.19374, -5.54794, 6.04697, 
6.01761, 5.40117, 0, -2.46575, -6.19374, -5.5773, 6.04697, 
6.72211, 5.40117, 0, -2.4364, -6.19374, -5.5773, 6.04697, 
6.34051, 5.40117, 0, -2.4364, -6.19374, -5.54794, 6.04697, 
6.72211, 5.40117, -0.0293542, -2.4364, -6.19374, -5.54794, 6.04697, 
6.83953, 5.37182, 0, -2.4364, -6.19374, -5.54794, 6.04697, 
6.60469, 5.40117, 0, -2.4364, -6.19374, -5.54794, 6.04697, 
6.89824, 5.40117, 0, -2.4364, -6.19374, -5.54794, 6.07632, 
7.63209, 5.40117, -0.0293542, -2.40704, -6.19374, -5.54794, 6.07632, 
7.60274, 5.40117, 0, -2.40704, -6.19374, -5.51859, 6.04697, 
7.3679, 5.40117, 0, -2.37769, -6.19374, -5.54794, 6.04697, 
8.24853, 5.40117, 0, -2.37769, -6.19374, -5.51859, 6.07632, 
7.33855, 5.40117, 0, -2.37769, -6.16438, -5.51859, 6.07632, 
7.72015, 5.40117, 0, -2.37769, -6.19374, -5.51859, 6.07632, 
6.95695, 5.40117, -0.0293542, -2.37769, -6.19374, -5.51859, 6.07632, 
7.48532, 5.40117, 0, -2.34834, -6.19374, -5.51859, 6.10567, 
6.6634, 5.37182, 0, -2.34834, -6.19374, -5.51859, 6.10567, 
7.22113, 5.40117, 0, -2.34834, -6.19374, -5.54794, 6.07632, 
7.22113, 5.40117, 0, -2.34834, -6.19374, -5.54794, 6.07632, 
6.72211, 5.40117, 0, -2.34834, -6.19374, -5.51859, 6.10567, 
6.60469, 5.37182, 0, -2.31898, -6.19374, -5.51859, 6.10567, 
6.95695, 5.40117, 0, -2.31898, -6.19374, -5.54794, 6.10567, 
6.78082, 5.37182, 0, -2.28963, -6.19374, -5.51859, 6.10567, 
7.10372, 5.37182, 0, -2.31898, -6.16438, -5.51859, 6.10567, 
7.27984, 5.37182, 0, -2.28963, -6.19374, -5.51859, 6.10567, 
7.51468, 5.37182, 0, -2.28963, -6.19374, -5.51859, 6.13503, 
7.22113, 5.37182, -0.0293542, -2.26027, -6.16438, -5.51859, 6.13503, 
7.19178, 5.37182, -0.0293542, -2.28963, -6.16438, -5.51859, 6.13503, 
7.51468, 5.37182, 0, -2.26027, -6.19374, -5.51859, 6.13503, 
7.57338, 5.34246, 0, -2.26027, -6.16438, -5.51859, 6.13503, 
8.3953, 5.34246, -0.0293542, -2.28963, -6.60469, -5.51859, 6.13503, 
8.13111, 5.34246, -0.0293542, -2.28963, -6.19374, -5.51859, 6.13503, 
8.13111, 5.34246, -0.0293542, -2.28963, -6.19374, -5.51859, 6.13503, 
8.45401, 5.34246, -0.0293542, -2.26027, -6.16438, -5.54794, 6.13503, 
7.48532, 5.31311, 0, -2.26027, -6.19374, -5.51859, 6.16438, 
7.95499, 5.31311, -0.0293542, -2.26027, -6.19374, -5.51859, 6.13503, 
7.45597, 5.28376, 0, -2.26027, -6.16438, -5.51859, 6.16438, 
7.45597, 5.28376, 0, -2.26027, -6.16438, -5.51859, 6.16438, 
8.42465, 5.31311, 0, -2.26027, -6.16438, -5.51859, 6.16438, 
6.92759, 5.28376, 0, -2.26027, -6.16438, -5.54794, 6.13503, 
6.89824, 5.28376, 0, -2.28963, -6.16438, -5.51859, 6.19374, 
6.6634, 5.28376, 0, -2.28963, -6.16438, -5.51859, 6.16438, 
6.6634, 5.28376, 0, -2.28963, -6.16438, -5.51859, 6.16438, 
6.75147, 5.2544, 0, -2.26027, -6.13503, -5.54794, 6.16438, 
6.45792, 5.22505, -0.0293542, -2.26027, -6.13503, -5.51859, 6.19374, 
6.36986, 5.22505, 0, -2.26027, -6.13503, -5.54794, 6.16438, 
6.2818, 5.22505, -0.0293542, -2.26027, -6.13503, -5.51859, 6.19374, 
6.2818, 5.22505, -0.0293542, -2.26027, -6.13503, -5.51859, 6.19374, 
6.07632, 5.19569, -0.0293542, -2.26027, -6.13503, -5.51859, 6.16438, 
6.34051, 5.16634, 0, -2.26027, -6.10567, -5.51859, 6.16438, 
6.54599, 5.16634, 0, -2.26027, -6.10567, -5.51859, 6.16438, 
6.95695, 5.16634, -0.0293542, -2.28963, -6.10567, -5.51859, 6.16438, 
7.45597, 5.16634, 0, -2.28963, -6.13503, -5.51859, 6.19374, 
7.3092, 5.10763, -0.0293542, -2.26027, -6.10567, -5.51859, 6.19374, 
7.66145, 5.10763, 0, -2.28963, -6.10567, -5.51859, 6.16438, 
7.13307, 5.07828, 0, -2.28963, -6.10567, -5.51859, 6.19374, 
8.0137, 5.04892, 0, -2.28963, -6.10567, -5.51859, 6.16438, 
7.51468, 5.04892, 0, -2.28963, -6.10567, -5.51859, 6.19374, 
7.74951, 5.04892, 0, -2.28963, -6.07632, -5.54794, 6.19374, 
8.16047, 5.01957, 0, -2.31898, -6.10567, -5.51859, 6.19374, 
7.19178, 4.99021, -0.0293542, -2.31898, -6.07632, -5.54794, 6.16438, 
6.95695, 4.99021, 0, -2.31898, -6.07632, -5.51859, 6.16438, 
7.63209, 4.96086, 0, -2.31898, -6.07632, -5.51859, 6.19374, 
6.69276, 4.93151, 0, -2.31898, -6.04697, -5.51859, 6.19374, 
6.69276, 4.93151, 0, -2.31898, -6.04697, -5.51859, 6.19374, 
6.42857, 4.90215, 0, -2.34834, -6.04697, -5.51859, 6.16438, 
6.42857, 4.90215, 0, -2.34834, -6.04697, -5.51859, 6.16438, 
6.60469, 4.90215, 0, -2.34834, -6.07632, -5.51859, 6.16438, 
6.34051, 4.90215, 0, -2.34834, -6.04697, -5.54794, 6.16438, 
5.69471, 4.84344, -0.0293542, -2.34834, -6.04697, -5.51859, 6.19374, 
5.69471, 4.84344, -0.0293542, -2.34834, -6.04697, -5.51859, 6.19374, 
5.92955, 4.84344, 0, -2.37769, -6.04697, -5.54794, 6.16438, 
5.9589, 4.84344, 0, -2.37769, -6.04697, -5.51859, 6.16438, 
5.81213, 4.84344, 0, -2.37769, -6.04697, -5.54794, 6.16438, 
4.96086, 4.81409, -0.0293542, -2.37769, -6.04697, -5.51859, 6.19374, 
5.87084, 4.78473, 0, -2.37769, -6.01761, -5.51859, 6.16438, 
5.92955, 4.75538, 0, -2.40704, -6.01761, -5.51859, 6.19374, 
6.10567, 4.75538, 0, -2.40704, -6.01761, -5.51859, 6.16438, 
6.10567, 4.75538, 0, -2.40704, -6.01761, -5.51859, 6.16438, 
6.34051, 4.69667, -0.0293542, -2.4364, -6.01761, -5.51859, 6.16438, 
7.16242, 4.66732, 0, -2.4364, -6.01761, -5.51859, 6.16438, 
7.27984, 4.63796, 0, -2.46575, -6.01761, -5.54794, 6.16438, 
6.51663, 4.60861, -0.0293542, -2.46575, -6.01761, -5.54794, 6.16438, 
6.48728, 4.57926, 0, -2.46575, -6.01761, -5.51859, 6.16438, 
6.57534, 4.57926, 0, -2.46575, -6.01761, -5.51859, 6.16438, 
6.83953, 4.5499, 0, -2.46575, -5.98826, -5.51859, 6.16438, 
6.19374, 4.5499, 0, -2.49511, -6.01761, -5.51859, 6.16438, 
5.43053, 4.49119, 0, -2.52446, -5.98826, -5.51859, 6.16438, 
5.45988, 4.49119, 0, -2.52446, -5.98826, -5.54794, 6.19374, 
5.9589, 4.49119, 0, -2.52446, -5.98826, -5.54794, 6.16438, 
5.28376, 4.49119, -0.0293542, -2.55382, -5.98826, -5.51859, 6.16438, 
5.28376, 4.49119, -0.0293542, -2.55382, -5.98826, -5.51859, 6.16438, 
4.10959, 4.43248, 0, -2.55382, -5.98826, -5.54794, 6.16438, 
4.31507, 4.40313, 0, -2.55382, -5.98826, -5.54794, 6.16438, 
3.69863, 4.40313, 0, -2.58317, -5.9589, -5.54794, 6.19374, 
3.69863, 4.40313, 0, -2.58317, -5.9589, -5.54794, 6.19374, 
3.11155, 4.37378, 0, -2.58317, -5.98826, -5.54794, 6.16438, 
2.72994, 4.37378, 0, -2.58317, -5.9589, -5.51859, 6.19374, 
2.72994, 4.37378, 0, -2.58317, -5.9589, -5.51859, 6.19374, 
1.61448, 4.28571, 0, -2.64188, -5.9589, -5.51859, 6.19374, 
1.17417, 4.28571, 0, -2.64188, -5.92955, -5.51859, 6.19374, 
1.409, 4.28571, 0, -2.64188, -5.92955, -5.51859, 6.19374, 
0.763209, 4.25636, 0, -2.64188, -5.9589, -5.54794, 6.16438, 
0.381605, 4.25636, 0, -2.64188, -5.9589, -5.54794, 6.16438, 
-5.43053, 4.19765, 0, -2.67123, -5.92955, -5.51859, 6.16438, 
-5.37182, 4.19765, -0.0293542, -2.67123, -5.9589, -5.51859, 6.19374, 
-5.63601, 4.19765, 0.469667, -2.67123, -5.92955, -5.54794, 6.19374, 
-6.01761, 4.1683, 0, -2.70059, -5.92955, -5.54794, 6.16438, 
-6.07632, 4.13894, 0, -2.67123, -5.92955, -5.54794, 6.16438, 
-5.66536, 4.13894, 0, -2.70059, -5.92955, -5.51859, 6.16438, 
-5.31311, 4.10959, 0.0293542, -2.70059, -5.92955, -5.51859, 6.16438, 
-5.28376, 4.10959, 0, -2.70059, -5.92955, -5.51859, 6.19374, 
-5.10763, 4.08023, 0.0293542, -2.72994, -5.92955, -5.51859, 6.16438, 
-5.10763, 4.08023, 0.0293542, -2.72994, -5.92955, -5.51859, 6.16438, 
-4.5499, 4.05088, 0, -2.72994, -5.92955, -5.51859, 6.16438, 
-3.34638, 4.05088, 0.0293542, -2.75929, -5.90019, -5.51859, 6.19374, 
-3.40509, 4.02153, 0, -2.75929, -5.92955, -5.51859, 6.16438, 
-3.5225, 4.02153, 0, -2.78865, -5.90019, -5.54794, 6.16438, 
-3.75734, 4.02153, 0, -2.75929, -5.92955, -5.51859, 6.19374, 
-3.34638, 3.99217, 0, -2.78865, -5.90019, -5.51859, 6.16438, 
-3.22896, 3.96282, 0.0293542, -2.78865, -5.90019, -5.51859, 6.19374, 
-3.22896, 3.96282, 0.0293542, -2.78865, -5.90019, -5.51859, 6.19374, 
-2.96477, 3.93346, 0, -2.78865, -5.90019, -5.54794, 6.19374, 
-2.90607, 3.93346, 0, -2.818, -5.90019, -5.51859, 6.16438, 
-2.84736, 3.90411, 0.0293542, -2.818, -5.90019, -5.54794, 6.16438, 
-2.75929, 3.90411, 0.0293542, -2.818, -5.90019, -5.51859, 6.16438, 
-2.75929, 3.90411, 0.0293542, -2.818, -5.90019, -5.51859, 6.16438, 
-2.67123, 3.90411, 0.0293542, -2.818, -5.87084, -5.51859, 6.16438, 
-2.1135, 3.8454, 0, -2.87671, -5.87084, -5.51859, 6.16438, 
-2.05479, 3.8454, 0, -2.84736, -5.87084, -5.51859, 6.16438, 
-1.96673, 3.81605, 0, -2.84736, -5.87084, -5.51859, 6.16438, 
-1.96673, 3.81605, 0, -2.84736, -5.87084, -5.51859, 6.16438, 
-1.46771, 3.78669, 0.0293542, -2.87671, -5.87084, -5.51859, 6.16438, 
-1.14481, 3.72798, 0, -2.90607, -5.87084, -5.54794, 6.16438, 
-1.14481, 3.72798, 0, -2.90607, -5.87084, -5.54794, 6.16438, 
-1.29158, 3.69863, 0, -2.93542, -5.87084, -5.54794, 6.16438, 
-5.07828, 3.66928, 0, -2.93542, -5.84149, -5.54794, 6.16438, 
-5.07828, 3.66928, 0, -2.93542, -5.84149, -5.54794, 6.16438, 
-5.5773, 3.66928, 0.0293542, -2.93542, -5.87084, -5.54794, 6.16438, 
-5.60665, 3.63992, 0, -2.93542, -5.84149, -5.54794, 6.16438, 
-5.9589, 3.66928, 0, -2.96477, -5.84149, -5.54794, 6.16438, 
-5.9589, 3.66928, 0, -2.96477, -5.84149, -5.54794, 6.16438, 
-5.9589, 3.66928, 0, -2.96477, -5.84149, -5.54794, 6.16438, 
-5.9589, 3.66928, 0, -2.96477, -5.84149, -5.54794, 6.16438, 
-5.9589, 3.66928, 0, -2.96477, -5.84149, -5.54794, 6.16438, 
-6.31115, 3.58121, 0, -2.96477, -5.84149, -5.51859, 6.19374, 
-6.42857, 3.58121, 0.0293542, -2.99413, -5.84149, -5.54794, 6.19374, 
-6.42857, 3.58121, 0.0293542, -2.99413, -5.84149, -5.54794, 6.19374, 
-6.34051, 3.55186, 0.0293542, -3.02348, -5.81213, -5.54794, 6.16438, 
-6.34051, 3.55186, 0.0293542, -3.02348, -5.81213, -5.54794, 6.16438, 
-6.63405, 3.5225, 0.0293542, -3.02348, -5.84149, -5.54794, 6.16438, 
-6.89824, 3.4638, 0, -3.02348, -5.81213, -5.51859, 6.19374, 
-7.80822, 3.4638, 0.0293542, -3.05284, -5.81213, -5.51859, 6.19374, 
-7.25049, 3.43444, 0, -3.05284, -5.81213, -5.51859, 6.16438, 
-6.95695, 3.40509, 0, -3.08219, -5.81213, -5.51859, 6.16438, 
-7.80822, 3.37573, 0, -3.11155, -5.81213, -5.51859, 6.19374, 
-6.69276, 3.31702, 0.0293542, -3.11155, -5.78278, -5.54794, 6.19374, 
-6.01761, 3.28767, 0, -3.1409, -5.78278, -5.54794, 6.19374, 
-6.2818, 3.28767, 0, -3.1409, -5.78278, -5.54794, 6.16438, 
-5.60665, 3.25832, 0, -3.1409, -5.78278, -5.51859, 6.19374, 
-5.43053, 3.22896, 0, -3.17025, -5.78278, -5.54794, 6.16438, 
-5.5773, 3.22896, 0, -3.17025, -5.78278, -5.51859, 6.16438, 
-5.2544, 3.22896, 0, -3.17025, -5.78278, -5.51859, 6.19374, 
-5.2544, 3.22896, 0, -3.17025, -5.78278, -5.51859, 6.19374, 
-5.10763, 3.22896, 0, -3.17025, -5.78278, -5.54794, 6.16438, 
-4.69667, 3.19961, 0, -3.19961, -5.78278, -5.54794, 6.19374, 
-5.78278, 3.19961, 0.0293542, -3.19961, -5.78278, -5.51859, 6.16438, 
-6.01761, 3.1409, 0, -3.19961, -5.75342, -5.51859, 6.16438, 
-6.04697, 3.17025, 0.0293542, -3.22896, -5.78278, -5.51859, 6.16438, 
-6.10567, 3.1409, 0.0293542, -3.22896, -5.75342, -5.51859, 6.16438, 
-6.78082, 3.1409, 0.0293542, -3.22896, -5.75342, -5.54794, 6.16438, 
-6.48728, 3.11155, 0.0293542, -3.22896, -5.75342, -5.51859, 6.19374, 
-7.07436, 3.11155, 0.0293542, -3.25832, -5.72407, -5.54794, 6.19374, 
-6.81017, 3.08219, 0, -3.25832, -5.75342, -5.51859, 6.16438, 
-6.9863, 3.08219, 0, -3.25832, -5.72407, -5.51859, 6.16438, 
-6.72211, 3.05284, 0.0293542, -3.28767, -5.72407, -5.51859, 6.19374, 
-7.86693, 3.02348, 0, -3.28767, -5.72407, -5.54794, 6.16438, 
-7.22113, 2.99413, 0.0293542, -3.31702, -5.72407, -5.54794, 6.19374, 
-7.22113, 2.99413, 0.0293542, -3.31702, -5.72407, -5.54794, 6.19374, 
-7.54403, 2.96477, 0, -3.31702, -5.72407, -5.54794, 6.19374, 
-7.54403, 2.96477, 0, -3.31702, -5.72407, -5.54794, 6.19374, 
-8.10176, 2.99413, 0, -3.31702, -5.72407, -5.51859, 6.16438, 
-8.10176, 2.99413, 0, -3.31702, -5.72407, -5.51859, 6.16438, 
-8.77691, 2.96477, 0, -3.34638, -5.72407, -5.54794, 6.16438, 
-7.98434, 2.96477, 0, -3.34638, -5.72407, -5.51859, 6.16438, 
-7.19178, 2.93542, 0, -3.37573, -5.72407, -5.54794, 6.16438, 
-7.10372, 2.93542, 0, -3.34638, -5.69471, -5.51859, 6.16438, 
-6.63405, 2.87671, 0.0293542, -3.40509, -5.69471, -5.51859, 6.16438, 
-6.72211, 2.90607, 0, -3.37573, -5.69471, -5.51859, 6.16438, 
-6.2818, 2.87671, 0, -3.40509, -5.69471, -5.51859, 6.16438, 
-6.01761, 2.87671, 0.0293542, -3.43444, -5.66536, -5.51859, 6.16438, 
-6.42857, 2.87671, 0, -3.43444, -5.69471, -5.51859, 6.16438, 
-6.42857, 2.87671, 0, -3.43444, -5.69471, -5.51859, 6.16438, 
-6.36986, 2.818, 0.0293542, -3.43444, -5.66536, -5.54794, 6.19374, 
-7.13307, 2.84736, 0, -3.4638, -5.66536, -5.51859, 6.16438, 
-7.04501, 2.78865, 0, -3.4638, -5.66536, -5.51859, 6.16438, 
-7.04501, 2.78865, 0, -3.4638, -5.66536, -5.51859, 6.16438, 
-7.6908, 2.78865, 0, -3.4638, -5.66536, -5.51859, 6.16438, 
-7.6908, 2.78865, 0, -3.4638, -5.66536, -5.51859, 6.16438, 
-7.16242, 2.75929, 0, -3.4638, -5.63601, -5.54794, 6.19374, 
-8.0137, 2.75929, 0.0293542, -3.4638, -5.63601, -5.51859, 6.16438, 
-8.7182, 2.75929, 0, -3.5225, -5.63601, -5.51859, 6.16438, 
-8.3953, 2.75929, 0.0293542, -3.5225, -5.63601, -5.54794, 6.16438, 
-8.3953, 2.75929, 0.0293542, -3.5225, -5.63601, -5.54794, 6.16438, 
-7.10372, 2.72994, 0.0293542, -3.5225, -5.60665, -5.51859, 6.16438, 
-7.10372, 2.72994, 0.0293542, -3.5225, -5.60665, -5.51859, 6.16438, 
-7.10372, 2.72994, 0.0293542, -3.5225, -5.60665, -5.51859, 6.16438, 
-7.39726, 2.72994, 0.0293542, -3.5225, -5.63601, -5.51859, 6.16438, 
-7.45597, 2.72994, 0.0293542, -3.49315, -5.63601, -5.51859, 6.16438, 
-7.33855, 2.70059, 0, -3.49315, -5.63601, -5.54794, 6.16438, 
-8.10176, 2.72994, 0, -3.5225, -5.63601, -5.51859, 6.19374, 
-6.92759, 2.72994, 0.0293542, -3.5225, -5.63601, -5.51859, 6.19374, 
-6.54599, 2.72994, 0.0293542, -3.5225, -5.60665, -5.51859, 6.19374, 
-6.69276, 2.70059, 0, -3.55186, -5.60665, -5.51859, 6.16438, 
-6.81017, 2.72994, 0.0293542, -3.5225, -5.60665, -5.51859, 6.19374, 
-6.81017, 2.72994, 0.0293542, -3.5225, -5.60665, -5.51859, 6.19374, 
-6.2818, 2.70059, 0, -3.5225, -5.60665, -5.51859, 6.19374, 
-6.54599, 2.72994, 0, -3.55186, -5.5773, -5.51859, 6.16438, 
-5.98826, 2.70059, 0, -3.5225, -5.60665, -5.51859, 6.16438, 
-6.45792, 2.72994, 0, -3.5225, -5.60665, -5.51859, 6.19374, 
-6.45792, 2.72994, 0, -3.5225, -5.60665, -5.51859, 6.19374, 
-6.10567, 2.72994, 0.0293542, -3.5225, -5.5773, -5.54794, 6.19374, 
-6.10567, 2.72994, 0.0293542, -3.5225, -5.5773, -5.54794, 6.19374, 
-6.36986, 2.72994, 0.0293542, -3.5225, -5.60665, -5.54794, 6.16438, 
-6.45792, 2.72994, 0, -3.5225, -5.5773, -5.51859, 6.19374, 
-6.57534, 2.72994, 0, -3.5225, -5.60665, -5.54794, 6.16438, 
-6.57534, 2.72994, 0, -3.5225, -5.60665, -5.54794, 6.16438, 
-6.31115, 2.72994, 0, -3.5225, -5.5773, -5.54794, 6.16438, 
-7.01565, 2.72994, 0.0293542, -3.5225, -5.5773, -5.54794, 6.16438, 
-7.10372, 2.72994, 0, -3.5225, -5.5773, -5.51859, 6.16438, 
-7.22113, 2.72994, 0, -3.5225, -5.5773, -5.54794, 6.19374, 
-6.83953, 2.72994, 0, -3.5225, -5.5773, -5.51859, 6.19374, 
-7.66145, 2.72994, 0, -3.5225, -5.5773, -5.54794, 6.16438, 
-7.86693, 2.72994, 0, -3.5225, -5.54794, -5.54794, 6.16438, 
-7.92563, 2.70059, 0, -3.5225, -5.54794, -5.51859, 6.16438, 
-7.92563, 2.70059, 0, -3.5225, -5.54794, -5.51859, 6.16438, 
-7.98434, 2.75929, 0.0293542, -3.5225, -5.5773, -5.54794, 6.16438, 
-7.33855, 2.75929, 0.0293542, -3.49315, -5.54794, -5.51859, 6.16438, 
-7.04501, 2.75929, 0.0293542, -3.49315, -5.54794, -5.54794, 6.19374, 
-6.69276, 2.72994, 0, -3.49315, -5.54794, -5.51859, 6.16438, 
-6.95695, 2.75929, 0.0293542, -3.49315, -5.54794, -5.51859, 6.16438, 
-6.72211, 2.75929, 0, -3.49315, -5.54794, -5.51859, 6.16438, 
-6.48728, 2.75929, 0, -3.49315, -5.54794, -5.51859, 6.16438, 
-6.60469, 2.75929, 0.0293542, -3.4638, -5.51859, -5.51859, 6.16438, 
-6.34051, 2.78865, 0.0293542, -3.49315, -5.54794, -5.54794, 6.16438, 
-6.2818, 2.818, 0.0293542, -3.4638, -5.51859, -5.54794, 6.16438, 
-6.45792, 2.818, 0, -3.4638, -5.51859, -5.51859, 6.16438, 
-5.87084, 2.818, 0.0293542, -3.4638, -5.51859, -5.51859, 6.19374, 
-5.66536, 2.818, 0, -3.4638, -5.48924, -5.54794, 6.16438, 
-5.2544, 2.818, 0, -3.4638, -5.51859, -5.51859, 6.16438, 
-4.72603, 2.84736, 0, -3.43444, -5.51859, -5.51859, 6.16438, 
-4.69667, 2.818, 0, -3.4638, -5.51859, -5.54794, 6.19374, 
-4.31507, 2.84736, 0, -3.43444, -5.51859, -5.54794, 6.16438, 
-5.54794, 2.84736, 0, -3.43444, -5.51859, -5.54794, 6.16438, 
-5.9589, 2.84736, 0.0293542, -3.40509, -5.51859, -5.54794, 6.16438, 
-6.51663, 2.87671, 0, -3.40509, -5.51859, -5.51859, 6.16438, 
-6.81017, 2.87671, 0, -3.37573, -5.51859, -5.54794, 6.16438, 
-6.51663, 2.87671, 0, -3.40509, -5.51859, -5.54794, 6.16438, 
-6.6634, 2.90607, 0.0293542, -3.40509, -5.51859, -5.54794, 6.16438, 
-6.6634, 2.90607, 0.0293542, -3.40509, -5.51859, -5.54794, 6.16438, 
-5.98826, 2.90607, 0, -3.37573, -5.51859, -5.51859, 6.16438, 
-5.69471, 2.90607, 0.0293542, -3.37573, -5.51859, -5.54794, 6.16438, 
-5.69471, 2.90607, 0.0293542, -3.37573, -5.51859, -5.54794, 6.16438, 
-5.66536, 2.90607, 0, -3.34638, -5.51859, -5.51859, 6.16438, 
-5.04892, 2.96477, 0, -3.34638, -5.51859, -5.54794, 6.16438, 
-4.31507, 2.96477, 0.0293542, -3.31702, -5.51859, -5.51859, 6.19374, 
-4.31507, 2.96477, 0, -3.34638, -5.51859, -5.51859, 6.16438, 
-3.5225, 2.96477, 0, -3.31702, -5.51859, -5.51859, 6.16438, 
-3.43444, 2.99413, 0.0293542, -3.31702, -5.51859, -5.51859, 6.16438, 
-2.93542, 3.02348, 0.0293542, -3.28767, -5.51859, -5.51859, 6.16438, 
-2.75929, 3.02348, 0, -3.28767, -5.51859, -5.54794, 6.19374, 
-3.02348, 2.99413, 0, -3.28767, -5.51859, -5.54794, 6.16438, 
-2.78865, 3.02348, 0, -3.28767, -5.51859, -5.51859, 6.16438, 
-2.52446, 3.02348, 0.0293542, -3.28767, -5.51859, -5.54794, 6.19374, 
-2.52446, 3.02348, 0.0293542, -3.28767, -5.51859, -5.54794, 6.19374, 
