-0.185395, 0.0848462, -0.0899994, -0.0139554, -0.0529632, 0.187056, 0.0659678, 
-0.184421, 0.0848409, -0.0899994, -0.0139554, -0.0529632, 0.187056, 0.0659678, 
-0.184421, 0.0848409, -0.0899994, -0.0139554, -0.0529632, 0.187056, 0.0659678, 
-0.182695, 0.0848356, -0.0899994, -0.0139554, -0.0529632, 0.187056, 0.0659678, 
-0.178952, 0.0848356, -0.0899994, -0.0139554, -0.0529632, 0.187056, 0.0659678, 
-0.177546, 0.0848356, -0.0899994, -0.0139554, -0.0529632, 0.187056, 0.0659678, 
-0.168645, 0.0848304, -0.0899994, -0.0139554, -0.0529632, 0.187056, 0.0659678, 
-0.165913, 0.0848304, -0.0899994, -0.0139554, -0.0529632, 0.187056, 0.0659678, 
-0.158906, 0.0848304, -0.0899994, -0.0139604, -0.0529632, 0.187056, 0.0659678, 
-0.158906, 0.0848304, -0.0899994, -0.0139604, -0.0529632, 0.187056, 0.0659678, 
-0.137002, 0.0848304, -0.0899994, -0.0139604, -0.0529632, 0.187056, 0.0659678, 
-0.13485, 0.0848304, -0.0899994, -0.0139604, -0.0529632, 0.187056, 0.0659678, 
-0.123616, 0.0848304, -0.0899994, -0.0139604, -0.0529632, 0.187056, 0.0659678, 
-0.11812, 0.0848304, -0.0899994, -0.0139604, -0.0529632, 0.187056, 0.0659678, 
-0.112277, 0.0848304, -0.0899994, -0.0139604, -0.0529632, 0.187056, 0.0659678, 
-0.106397, 0.0848304, -0.0899994, -0.0139604, -0.0529632, 0.187056, 0.0659678, 
-0.100307, 0.0848304, -0.0899994, -0.0139604, -0.0529632, 0.187056, 0.0659678, 
-0.0903103, 0.0848304, -0.0899994, -0.0139604, -0.0529632, 0.187056, 0.0659678, 
-0.0826774, 0.0848304, -0.0899994, -0.0139604, -0.0529632, 0.187056, 0.0659678, 
-0.0757709, 0.0848304, -0.0899994, -0.0139604, -0.0529632, 0.187056, 0.0659678, 
-0.03678, 0.0848304, -0.0899994, -0.0139604, -0.0529632, 0.187056, 0.0659678, 
-0.0328846, 0.0848304, -0.0899994, -0.0139604, -0.0529632, 0.187056, 0.0659678, 
-0.0142603, 0.0848356, -0.0899994, -0.0139604, -0.0529632, 0.187056, 0.0659678, 
-0.00530091, 0.0848356, -0.0899994, -0.0139604, -0.0529632, 0.187056, 0.0659678, 
0.03359, 0.0848356, -0.0899994, -0.0139604, -0.0529632, 0.187056, 0.0659678, 
0.0435864, 0.0848356, -0.0899994, -0.0139604, -0.0529632, 0.187056, 0.0659678, 
0.0739706, 0.0848356, -0.0899994, -0.0139604, -0.0529632, 0.187056, 0.0659678, 
0.0834617, 0.0848409, -0.0899994, -0.0139604, -0.0529632, 0.187056, 0.0659678, 
0.0927265, 0.0848409, -0.0899994, -0.0139604, -0.0529632, 0.187056, 0.0659678, 
0.117489, 0.0848409, -0.0899994, -0.0139604, -0.0529632, 0.187056, 0.0659678, 
0.122811, 0.0848409, -0.0899994, -0.0139604, -0.0529632, 0.187056, 0.0659678, 
0.137834, 0.0848462, -0.0899994, -0.0139604, -0.0529632, 0.187056, 0.0659678, 
0.170635, 0.0848514, -0.0899994, -0.0139604, -0.0529632, 0.187056, 0.0659678, 
0.173746, 0.0848514, -0.0899994, -0.0139604, -0.0529632, 0.187056, 0.0659678, 
0.17682, 0.0848514, -0.0899994, -0.0139604, -0.0529632, 0.187056, 0.0659678, 
0.206578, 0.0848672, -0.0899994, -0.0139554, -0.0529632, 0.187056, 0.0659678, 
0.214147, 0.0848672, -0.0899994, -0.0139554, -0.0529632, 0.187056, 0.0659678, 
0.236846, 0.084883, -0.0899994, -0.0139554, -0.0529632, 0.187056, 0.0659678, 
0.274942, 0.0849093, -0.0899994, -0.0139554, -0.0529632, 0.187056, 0.0659678, 
0.274942, 0.0849093, -0.0899994, -0.0139554, -0.0529632, 0.187056, 0.0659678, 
0.283586, 0.0849146, -0.0899994, -0.0139554, -0.0529632, 0.187056, 0.0659678, 
0.290445, 0.0849146, -0.0899994, -0.0139554, -0.0529632, 0.187056, 0.0659678, 
0.298804, 0.0849199, -0.0899994, -0.0139554, -0.0529632, 0.187056, 0.0659678, 
0.307126, 0.0849251, -0.0899994, -0.0139554, -0.0529632, 0.187056, 0.0659678, 
0.329299, 0.0849357, -0.0899994, -0.0139554, -0.0529632, 0.187056, 0.0659678, 
0.349102, 0.0849409, -0.0899994, -0.0139554, -0.0529632, 0.187056, 0.0659678, 
0.358962, 0.0849462, -0.0899994, -0.0139554, -0.0529632, 0.187056, 0.0659678, 
0.358962, 0.0849462, -0.0899994, -0.0139554, -0.0529632, 0.187056, 0.0659678, 
0.364873, 0.0849514, -0.0899994, -0.0139554, -0.0529632, 0.187056, 0.0659678, 
0.369453, 0.0849567, -0.0899994, -0.0139554, -0.0529632, 0.187056, 0.0659678, 
0.374991, 0.084962, -0.0899994, -0.0139554, -0.0529632, 0.187056, 0.0659678, 
0.380602, 0.0849725, -0.0899994, -0.0139554, -0.0529632, 0.187056, 0.0659678, 
0.391409, 0.0850094, -0.0899994, -0.0139554, -0.0529632, 0.187056, 0.0659678, 
0.403222, 0.0850199, -0.0899994, -0.0139554, -0.0529632, 0.187056, 0.0659678, 
0.405338, 0.0850199, -0.0899994, -0.0139554, -0.0529632, 0.187056, 0.0659678, 
0.41575, 0.0850251, -0.0899994, -0.0139554, -0.0529632, 0.187056, 0.0659678, 
0.429758, 0.0850304, -0.0899994, -0.0139554, -0.0529632, 0.187056, 0.0659678, 
0.431943, 0.0850304, -0.0899994, -0.0139554, -0.0529632, 0.187056, 0.0659678, 
0.436201, 0.0850304, -0.0899994, -0.0139554, -0.0529632, 0.187056, 0.0659678, 
0.44235, 0.0850357, -0.0899994, -0.0139554, -0.0529632, 0.187056, 0.0659678, 
0.446835, 0.0850357, -0.0899994, -0.0139554, -0.0529632, 0.187056, 0.0659678, 
0.44804, 0.0850357, -0.0899994, -0.0139554, -0.0529632, 0.187056, 0.0659678, 
0.448609, 0.0850357, -0.0899994, -0.0139554, -0.0529632, 0.187056, 0.0659678, 
0.449188, 0.0850357, -0.0899994, -0.0139554, -0.0529632, 0.187056, 0.0659678, 
0.456084, 0.0850357, -0.0899994, -0.0139554, -0.0529632, 0.187056, 0.0659678, 
0.456084, 0.0850357, -0.0899994, -0.0139554, -0.0529632, 0.187056, 0.0659678, 
0.466543, 0.0850357, -0.0899994, -0.0139554, -0.0529632, 0.187056, 0.0659678, 
0.466543, 0.0850357, -0.0899994, -0.0139554, -0.0529632, 0.187056, 0.0659678, 
0.46857, 0.0850357, -0.0899994, -0.0139554, -0.0529632, 0.187056, 0.0659678, 
0.46857, 0.0850357, -0.0899994, -0.0139554, -0.0529632, 0.187056, 0.0659678, 
0.477719, 0.0850409, -0.0899994, -0.0139554, -0.0529632, 0.187056, 0.0659678, 
0.480493, 0.0850409, -0.0899994, -0.0139554, -0.0529632, 0.187056, 0.0659678, 
0.483104, 0.0850409, -0.0899994, -0.0139554, -0.0529632, 0.18705, 0.0659678, 
0.488489, 0.0850409, -0.0899994, -0.0139554, -0.0529632, 0.18705, 0.0659678, 
0.489347, 0.0850409, -0.0899994, -0.0139554, -0.0529632, 0.18705, 0.0659678, 
0.490347, 0.0850409, -0.0899994, -0.0139554, -0.0529632, 0.18705, 0.0659678, 
0.492006, 0.0850409, -0.0899994, -0.0139554, -0.0529632, 0.18705, 0.0659678, 
0.493453, 0.0850409, -0.0899994, -0.0139554, -0.0529632, 0.18705, 0.0659678, 
0.495685, 0.0850409, -0.0899994, -0.0139554, -0.0529632, 0.18705, 0.0659678, 
0.49638, 0.0850409, -0.0899994, -0.0139554, -0.0529632, 0.18705, 0.0659678, 
0.497596, 0.0850409, -0.0899994, -0.0139554, -0.0529632, 0.18705, 0.0659678, 
0.497791, 0.0850409, -0.0899994, -0.0139554, -0.0529632, 0.18705, 0.0659678, 
0.498054, 0.0850409, -0.0899994, -0.0139554, -0.0529632, 0.18705, 0.0659678, 
0.498054, 0.0850409, -0.0899994, -0.0139554, -0.0529632, 0.18705, 0.0659678, 
0.498433, 0.0850409, -0.0899994, -0.0139554, -0.0529632, 0.18705, 0.0659678, 
0.498512, 0.0850409, -0.0899994, -0.0139554, -0.0529632, 0.18705, 0.0659678, 
0.498496, 0.0850409, -0.0899994, -0.0139554, -0.0529632, 0.18705, 0.0659678, 
0.498486, 0.0850409, -0.0899994, -0.0139554, -0.0529632, 0.18705, 0.0659678, 
0.49848, 0.0850409, -0.0899994, -0.0139554, -0.0529632, 0.18705, 0.0659678, 
0.498465, 0.0850409, -0.0899994, -0.0139554, -0.0529632, 0.18705, 0.0659678, 
0.498465, 0.0850409, -0.0899994, -0.0139554, -0.0529632, 0.18705, 0.0659678, 
0.498412, 0.0850409, -0.0899994, -0.0139604, -0.0529632, 0.18705, 0.0659678, 
0.498333, 0.0850409, -0.0899994, -0.0139604, -0.0529632, 0.18705, 0.0659678, 
0.498317, 0.0850409, -0.0899994, -0.0139604, -0.0529632, 0.18705, 0.0659678, 
0.498317, 0.0850409, -0.0899994, -0.0139604, -0.0529632, 0.18705, 0.0659678, 
0.498238, 0.0850409, -0.0899994, -0.0139604, -0.0529632, 0.18705, 0.0659678, 
0.498096, 0.0850409, -0.0899994, -0.0139604, -0.0529632, 0.18705, 0.0659678, 
0.497575, 0.0850409, -0.0899994, -0.0139604, -0.0529632, 0.18705, 0.0659678, 
0.497233, 0.0850409, -0.0899994, -0.0139604, -0.0529632, 0.18705, 0.0659678, 
0.496506, 0.0850409, -0.0899994, -0.0139604, -0.0529632, 0.18705, 0.0659678, 
0.496506, 0.0850409, -0.0899994, -0.0139604, -0.0529632, 0.18705, 0.0659678, 
0.495796, 0.0850409, -0.0899994, -0.0139604, -0.0529632, 0.18705, 0.0659678, 
0.493574, 0.0850409, -0.0899994, -0.0139604, -0.0529632, 0.18705, 0.0659678, 
0.493574, 0.0850409, -0.0899994, -0.0139604, -0.0529632, 0.18705, 0.0659678, 
0.488684, 0.0850409, -0.0899994, -0.0139604, -0.0529632, 0.18705, 0.0659678, 
0.48771, 0.0850409, -0.0899994, -0.0139604, -0.0529632, 0.18705, 0.0659678, 
0.484815, 0.0850409, -0.0899994, -0.0139654, -0.0529632, 0.18705, 0.0659678, 
0.470702, 0.0850409, -0.0899994, -0.0139704, -0.0529632, 0.187044, 0.0659678, 
0.462474, 0.0850409, -0.0899994, -0.0139755, -0.0529632, 0.187044, 0.0659678, 
0.462474, 0.0850409, -0.0899994, -0.0139755, -0.0529632, 0.187044, 0.0659678, 
0.430021, 0.0850409, -0.0899994, -0.0139805, -0.0529632, 0.187044, 0.0659678, 
0.428158, 0.0850409, -0.0899994, -0.0139905, -0.0529632, 0.187044, 0.0659678, 
0.428158, 0.0850409, -0.0899994, -0.0139905, -0.0529632, 0.187044, 0.0659678, 
0.420704, 0.0850409, -0.0899994, -0.0139905, -0.0529632, 0.187039, 0.0659678, 
0.417403, 0.0850409, -0.0899994, -0.0139905, -0.0529632, 0.187039, 0.0659678, 
0.417403, 0.0850409, -0.0899994, -0.0139905, -0.0529632, 0.187039, 0.0659678, 
0.404585, 0.0850409, -0.0899994, -0.0139956, -0.0529688, 0.187033, 0.0659678, 
0.400274, 0.0850409, -0.0899994, -0.0139956, -0.0529688, 0.187027, 0.0659678, 
0.398774, 0.0850409, -0.0899994, -0.0139905, -0.0529688, 0.187027, 0.0659678, 
0.394805, 0.0850409, -0.0899994, -0.0139956, -0.0529688, 0.187022, 0.0659678, 
0.394563, 0.0850409, -0.0899994, -0.0139956, -0.0529688, 0.187022, 0.0659678, 
0.393773, 0.0850409, -0.0899994, -0.0139956, -0.0529688, 0.187016, 0.0659678, 
0.393689, 0.0850409, -0.0899994, -0.0139956, -0.0529688, 0.187016, 0.0659678, 
0.393736, 0.0850409, -0.0899994, -0.0139956, -0.0529688, 0.187016, 0.0659678, 
0.393736, 0.0850409, -0.0899994, -0.0139956, -0.0529688, 0.187016, 0.0659678, 
0.393705, 0.0850409, -0.0899994, -0.0139956, -0.0529688, 0.187016, 0.0659678, 
0.39352, 0.0850409, -0.0899994, -0.0139956, -0.0529688, 0.187016, 0.0659678, 
0.388325, 0.0850409, -0.0899994, -0.0139956, -0.0529688, 0.18701, 0.0659678, 
0.383103, 0.0850357, -0.0899994, -0.0139956, -0.0529688, 0.187004, 0.0659678, 
0.37927, 0.0850357, -0.0899994, -0.0139956, -0.0529688, 0.187004, 0.0659678, 
0.374217, 0.0850357, -0.0899994, -0.0139956, -0.0529688, 0.187004, 0.0659678, 
0.367611, 0.0850357, -0.0899994, -0.0139956, -0.0529688, 0.187004, 0.0659678, 
0.359599, 0.0850357, -0.0899994, -0.0139956, -0.0529688, 0.187004, 0.0659678, 
0.357535, 0.0850357, -0.0899994, -0.0139956, -0.0529688, 0.187004, 0.0659678, 
0.355724, 0.0850357, -0.0899994, -0.0139956, -0.0529688, 0.187004, 0.0659678, 
0.335868, 0.0850357, -0.0899994, -0.0140006, -0.0529688, 0.187004, 0.0659678, 
0.330388, 0.0850357, -0.0899994, -0.0140006, -0.0529688, 0.186999, 0.0659678, 
0.321045, 0.0850357, -0.0899994, -0.0140006, -0.0529688, 0.186999, 0.0659678, 
0.313943, 0.0850357, -0.0899994, -0.0140006, -0.0529688, 0.186999, 0.0659678, 
0.313943, 0.0850357, -0.0899994, -0.0140006, -0.0529688, 0.186999, 0.0659678, 
0.271178, 0.0850304, -0.0899994, -0.0140006, -0.0529688, 0.186999, 0.0659678, 
0.265046, 0.0850304, -0.0899994, -0.0140006, -0.0529688, 0.186999, 0.0659678, 
0.265046, 0.0850304, -0.0899994, -0.0140006, -0.0529688, 0.186999, 0.0659678, 
0.260513, 0.0850304, -0.0899994, -0.0140006, -0.0529688, 0.186999, 0.0659678, 
0.254354, 0.0850304, -0.0899994, -0.0140006, -0.0529688, 0.186999, 0.0659678, 
0.228092, 0.0850304, -0.0899994, -0.0140006, -0.0529688, 0.186999, 0.0659678, 
0.22506, 0.0850304, -0.0899994, -0.0140006, -0.0529688, 0.186999, 0.0659678, 
0.219448, 0.0850251, -0.0899994, -0.0140006, -0.0529688, 0.186999, 0.0659678, 
0.214984, 0.0850251, -0.0899994, -0.0140006, -0.0529688, 0.186999, 0.0659678, 
0.214984, 0.0850251, -0.0899994, -0.0140006, -0.0529688, 0.186999, 0.0659678, 
0.210731, 0.0850251, -0.0899994, -0.0140006, -0.0529688, 0.186999, 0.0659678, 
0.206709, 0.0850251, -0.0899994, -0.0140006, -0.0529688, 0.186999, 0.0659678, 
0.206709, 0.0850251, -0.0899994, -0.0140006, -0.0529688, 0.186999, 0.0659678, 
0.190501, 0.0850251, -0.0899994, -0.0140006, -0.0529688, 0.186993, 0.0659678, 
0.190501, 0.0850251, -0.0899994, -0.0140006, -0.0529688, 0.186993, 0.0659678, 
0.183268, 0.0850251, -0.0899994, -0.0140006, -0.0529688, 0.186999, 0.0659678, 
0.178283, 0.0850251, -0.0899994, -0.0140006, -0.0529688, 0.186993, 0.0659678, 
0.163286, 0.0850251, -0.0899994, -0.0140006, -0.0529688, 0.186993, 0.0659678, 
0.163286, 0.0850251, -0.0899994, -0.0140006, -0.0529688, 0.186993, 0.0659678, 
0.145836, 0.0850199, -0.0899994, -0.0140006, -0.0529688, 0.186993, 0.0659678, 
0.138924, 0.0850199, -0.0899994, -0.0140006, -0.0529688, 0.186993, 0.0659678, 
0.132939, 0.0850199, -0.0899994, -0.0140006, -0.0529688, 0.186993, 0.0659678, 
0.0950795, 0.0850199, -0.0899994, -0.0140006, -0.0529688, 0.186993, 0.0659678, 
0.0871255, 0.0850146, -0.0899994, -0.0140006, -0.0529688, 0.186993, 0.0659678, 
0.0871255, 0.0850146, -0.0899994, -0.0140006, -0.0529688, 0.186993, 0.0659678, 
0.0632109, 0.0850146, -0.0899994, -0.0140006, -0.0529688, 0.186993, 0.0659678, 
0.0462027, 0.0850146, -0.0899994, -0.0140006, -0.0529688, 0.186993, 0.0659678, 
0.0168976, 0.0850094, -0.0899994, -0.0140006, -0.0529688, 0.186993, 0.0659734, 
0.00974378, 0.0850094, -0.0899994, -0.0140006, -0.0529688, 0.186993, 0.0659734, 
-0.0039112, 0.0850094, -0.0899994, -0.0140006, -0.0529688, 0.186993, 0.0659734, 
-0.0039112, 0.0850094, -0.0899994, -0.0140006, -0.0529688, 0.186993, 0.0659734, 
-0.0172609, 0.0850094, -0.0899994, -0.0140006, -0.0529688, 0.186993, 0.0659734, 
-0.0268994, 0.0850094, -0.0899994, -0.0140006, -0.0529688, 0.186993, 0.0659734, 
-0.0432495, 0.0850041, -0.0899994, -0.0140006, -0.0529688, 0.186993, 0.0659734, 
-0.0432495, 0.0850041, -0.0899994, -0.0140006, -0.0529688, 0.186993, 0.0659734, 
-0.0482504, 0.0850041, -0.0899994, -0.0140006, -0.0529688, 0.186993, 0.0659734, 
-0.0627424, 0.0850041, -0.0899994, -0.0140006, -0.0529688, 0.186993, 0.0659734, 
-0.0726177, 0.0849988, -0.0899994, -0.0140006, -0.0529688, 0.186993, 0.0659734, 
-0.0726177, 0.0849988, -0.0899994, -0.0140006, -0.0529688, 0.186993, 0.0659734, 
-0.0861411, 0.0849988, -0.0899994, -0.0140006, -0.0529688, 0.186993, 0.0659734, 
-0.0908788, 0.0849936, -0.0899994, -0.0140006, -0.0529688, 0.186993, 0.0659734, 
-0.0977642, 0.0849936, -0.0899994, -0.0140006, -0.0529688, 0.186993, 0.0659734, 
-0.101918, 0.0849936, -0.0899994, -0.0140006, -0.0529688, 0.186993, 0.0659734, 
-0.110893, 0.0849936, -0.0899994, -0.0140006, -0.0529688, 0.186993, 0.0659734, 
-0.115767, 0.0849936, -0.0899994, -0.0140006, -0.0529688, 0.186993, 0.0659734, 
-0.119026, 0.0849883, -0.0899994, -0.0140006, -0.0529688, 0.186993, 0.0659734, 
-0.121421, 0.0849883, -0.0899994, -0.0140006, -0.0529688, 0.186993, 0.0659734, 
-0.125901, 0.0849883, -0.0899994, -0.0140056, -0.0529688, 0.186993, 0.0659734, 
-0.131017, 0.0849883, -0.0899994, -0.0140056, -0.0529688, 0.186993, 0.0659734, 
-0.13606, 0.0849883, -0.0899994, -0.0140056, -0.0529688, 0.186993, 0.0659734, 
-0.13606, 0.0849883, -0.0899994, -0.0140056, -0.0529688, 0.186993, 0.0659734, 
-0.142072, 0.0849883, -0.0899994, -0.0140056, -0.0529688, 0.186993, 0.0659734, 
-0.142072, 0.0849883, -0.0899994, -0.0140056, -0.0529688, 0.186993, 0.0659734, 
-0.17105, 0.0849778, -0.0899994, -0.0140056, -0.0529688, 0.186993, 0.0659734, 
-0.17105, 0.0849778, -0.0899994, -0.0140056, -0.0529688, 0.186993, 0.0659734, 
-0.22317, 0.0849251, -0.0899994, -0.0140056, -0.0529688, 0.186993, 0.0659734, 
-0.237488, 0.0849251, -0.0899994, -0.0140106, -0.0529688, 0.186993, 0.0659734, 
-0.237488, 0.0849251, -0.0899994, -0.0140106, -0.0529688, 0.186993, 0.0659734, 
-0.267446, 0.0849199, -0.0899994, -0.0140106, -0.0529688, 0.186993, 0.0659734, 
-0.272152, 0.0849199, -0.0899994, -0.0140106, -0.0529688, 0.186993, 0.0659734, 
-0.291634, 0.0849199, -0.0899994, -0.0140156, -0.0529688, 0.186993, 0.0659734, 
-0.296214, 0.0849199, -0.0899994, -0.0140156, -0.0529688, 0.186993, 0.0659734, 
-0.300794, 0.0849199, -0.0899994, -0.0140156, -0.0529688, 0.186993, 0.0659734, 
-0.305358, 0.0849199, -0.0899994, -0.0140156, -0.0529688, 0.186993, 0.0659734, 
-0.309358, 0.0849199, -0.0899994, -0.0140156, -0.0529688, 0.186993, 0.0659734, 
-0.314549, 0.0849199, -0.0899994, -0.0140156, -0.0529688, 0.186993, 0.0659734, 
-0.314549, 0.0849199, -0.0899994, -0.0140156, -0.0529688, 0.186993, 0.0659734, 
-0.318155, 0.0849199, -0.0899994, -0.0140156, -0.0529688, 0.186993, 0.0659734, 
-0.321703, 0.0849199, -0.0899994, -0.0140156, -0.0529688, 0.186993, 0.0659734, 
-0.324866, 0.0849199, -0.0899994, -0.0140207, -0.0529688, 0.186993, 0.0659734, 
-0.324866, 0.0849199, -0.0899994, -0.0140207, -0.0529688, 0.186993, 0.0659734, 
-0.330699, 0.0849199, -0.0899994, -0.0140207, -0.0529688, 0.186993, 0.0659734, 
-0.330699, 0.0849199, -0.0899994, -0.0140207, -0.0529688, 0.186993, 0.0659734, 
-0.336421, 0.0849199, -0.0899994, -0.0140207, -0.0529688, 0.186993, 0.0659734, 
-0.338811, 0.0849199, -0.0899994, -0.0140207, -0.0529688, 0.186993, 0.0659734, 
-0.341669, 0.0849199, -0.0899994, -0.0140207, -0.0529688, 0.186993, 0.0659734, 
-0.347502, 0.0849199, -0.0899994, -0.0140207, -0.0529688, 0.186993, 0.0659734, 
-0.347502, 0.0849199, -0.0899994, -0.0140207, -0.0529688, 0.186993, 0.0659734, 
-0.350618, 0.0849199, -0.0899994, -0.0140207, -0.0529688, 0.186993, 0.0659734, 
-0.350618, 0.0849199, -0.0899994, -0.0140207, -0.0529688, 0.186993, 0.0659734, 
-0.354361, 0.0849199, -0.0899994, -0.0140207, -0.0529688, 0.186993, 0.0659734, 
-0.35754, 0.0849199, -0.0899994, -0.0140207, -0.0529688, 0.186993, 0.0659734, 
-0.35754, 0.0849199, -0.0899994, -0.0140207, -0.0529688, 0.186993, 0.0659734, 
-0.359383, 0.0849199, -0.0899994, -0.0140207, -0.0529688, 0.186993, 0.0659734, 
-0.359383, 0.0849199, -0.0899994, -0.0140207, -0.0529688, 0.186993, 0.0659734, 
-0.363836, 0.0849199, -0.0899994, -0.0140207, -0.0529688, 0.186993, 0.0659734, 
-0.363836, 0.0849199, -0.0899994, -0.0140207, -0.0529688, 0.186993, 0.0659734, 
-0.37308, 0.0849199, -0.0899994, -0.0140207, -0.0529688, 0.186993, 0.0659734, 
-0.37767, 0.0849199, -0.0899994, -0.0140207, -0.0529688, 0.186993, 0.0659734, 
-0.37767, 0.0849199, -0.0899994, -0.0140207, -0.0529688, 0.186993, 0.0659734, 
-0.388146, 0.0849199, -0.0899994, -0.0140207, -0.0529688, 0.186993, 0.0659734, 
-0.393368, 0.0849199, -0.0899994, -0.0140207, -0.0529688, 0.186993, 0.0659734, 
-0.39879, 0.0849199, -0.0899994, -0.0140207, -0.0529688, 0.186993, 0.0659734, 
-0.409191, 0.0849199, -0.0899994, -0.0140207, -0.0529688, 0.186993, 0.0659734, 
-0.409191, 0.0849199, -0.0899994, -0.0140207, -0.0529688, 0.186993, 0.0659734, 
-0.42083, 0.0849199, -0.0899994, -0.0140257, -0.0529688, 0.186993, 0.0659734, 
-0.426294, 0.0849199, -0.0899994, -0.0140257, -0.0529688, 0.186993, 0.0659734, 
-0.426294, 0.0849199, -0.0899994, -0.0140257, -0.0529688, 0.186993, 0.0659734, 
-0.426294, 0.0849199, -0.0899994, -0.0140257, -0.0529688, 0.186993, 0.0659734, 
-0.431532, 0.0849199, -0.0899994, -0.0140257, -0.0529688, 0.186993, 0.0659734, 
-0.435854, 0.0849199, -0.0899994, -0.0140257, -0.0529688, 0.186993, 0.0659734, 
-0.440176, 0.0849199, -0.0899994, -0.0140257, -0.0529688, 0.186993, 0.0659734, 
-0.440176, 0.0849199, -0.0899994, -0.0140257, -0.0529688, 0.186993, 0.0659734, 
-0.443497, 0.0849199, -0.0899994, -0.0140257, -0.0529688, 0.186993, 0.0659734, 
-0.443497, 0.0849199, -0.0899994, -0.0140257, -0.0529688, 0.186993, 0.0659734, 
-0.447666, 0.0849199, -0.0899994, -0.0140257, -0.0529688, 0.186993, 0.0659734, 
-0.447666, 0.0849199, -0.0899994, -0.0140257, -0.0529688, 0.186993, 0.0659734, 
-0.451804, 0.0849199, -0.0899994, -0.0140257, -0.0529688, 0.186993, 0.0659734, 
-0.451804, 0.0849199, -0.0899994, -0.0140257, -0.0529688, 0.186993, 0.0659734, 
-0.459332, 0.0849199, -0.0899994, -0.0140257, -0.0529688, 0.186993, 0.0659734, 
-0.462727, 0.0849199, -0.0899994, -0.0140257, -0.0529688, 0.186993, 0.0659734, 
-0.465491, 0.0849199, -0.0899994, -0.0140257, -0.0529688, 0.186993, 0.0659734, 
-0.466775, 0.0849199, -0.0899994, -0.0140257, -0.0529688, 0.186993, 0.0659734, 
-0.468075, 0.0849199, -0.0899994, -0.0140257, -0.0529688, 0.186993, 0.0659734, 
-0.472665, 0.0849199, -0.0899994, -0.0140257, -0.0529688, 0.186993, 0.0659734, 
-0.472665, 0.0849199, -0.0899994, -0.0140257, -0.0529688, 0.186993, 0.0659734, 
-0.475082, 0.0849199, -0.0899994, -0.0140307, -0.0529688, 0.186993, 0.0659734, 
-0.477161, 0.0849199, -0.0899994, -0.0140307, -0.0529688, 0.186993, 0.0659734, 
-0.478961, 0.0849199, -0.0899994, -0.0140307, -0.0529688, 0.186993, 0.0659734, 
-0.478961, 0.0849199, -0.0899994, -0.0140307, -0.0529688, 0.186993, 0.0659734, 
-0.482272, 0.0849199, -0.0899994, -0.0140307, -0.0529688, 0.186993, 0.0659734, 
-0.482783, 0.0849199, -0.0899994, -0.0140307, -0.0529688, 0.186993, 0.0659734, 
-0.482783, 0.0849199, -0.0899994, -0.0140307, -0.0529688, 0.186993, 0.0659734, 
-0.483488, 0.0849199, -0.0899994, -0.0140307, -0.0529688, 0.186993, 0.0659734, 
-0.48452, 0.0849199, -0.0899994, -0.0140307, -0.0529688, 0.186993, 0.0659734, 
-0.48452, 0.0849199, -0.0899994, -0.0140307, -0.0529688, 0.186993, 0.0659734, 
-0.484831, 0.0849199, -0.0899994, -0.0140307, -0.0529688, 0.186993, 0.0659734, 
-0.485068, 0.0849199, -0.0899994, -0.0140307, -0.0529688, 0.186993, 0.0659734, 
-0.485405, 0.0849199, -0.0899994, -0.0140307, -0.0529688, 0.186993, 0.0659734, 
-0.485473, 0.0849199, -0.0899994, -0.0140307, -0.0529688, 0.186993, 0.0659734, 
-0.485473, 0.0849199, -0.0899994, -0.0140307, -0.0529688, 0.186993, 0.0659734, 
-0.485473, 0.0849199, -0.0899994, -0.0140307, -0.0529688, 0.186993, 0.0659734, 
-0.485341, 0.0849199, -0.0899994, -0.0140307, -0.0529688, 0.186993, 0.0659734, 
-0.485204, 0.0849199, -0.0899994, -0.0140307, -0.0529688, 0.186993, 0.0659734, 
-0.484925, 0.0849199, -0.0899994, -0.0140307, -0.0529688, 0.186993, 0.0659734, 
-0.484331, 0.0849199, -0.0899994, -0.0140307, -0.0529688, 0.186993, 0.0659734, 
-0.483404, 0.0849199, -0.0899994, -0.0140307, -0.0529688, 0.186993, 0.0659734, 
-0.48223, 0.0849199, -0.0899994, -0.0140307, -0.0529688, 0.186993, 0.0659734, 
-0.480977, 0.0849199, -0.0899994, -0.0140307, -0.0529688, 0.186993, 0.0659734, 
-0.480093, 0.0849199, -0.0899994, -0.0140307, -0.0529688, 0.186993, 0.0659734, 
-0.479435, 0.0849199, -0.0899994, -0.0140307, -0.0529688, 0.186993, 0.0659734, 
-0.477345, 0.0849199, -0.0899994, -0.0140307, -0.0529688, 0.186993, 0.0659734, 
-0.476782, 0.0849199, -0.0899994, -0.0140307, -0.0529688, 0.186993, 0.0659734, 
-0.476419, 0.0849199, -0.0899994, -0.0140307, -0.0529688, 0.186993, 0.0659734, 
-0.476245, 0.0849199, -0.0899994, -0.0140307, -0.0529688, 0.186993, 0.0659734, 
-0.476192, 0.0849251, -0.0899994, -0.0140307, -0.0529688, 0.186993, 0.0659734, 
-0.476192, 0.0849251, -0.0899994, -0.0140307, -0.0529745, 0.186993, 0.0659734, 
-0.476192, 0.0849251, -0.0899994, -0.0140307, -0.0529745, 0.186993, 0.0659734, 
-0.476187, 0.0849251, -0.0899994, -0.0140307, -0.0529745, 0.186993, 0.0659734, 
-0.476187, 0.0849251, -0.0899994, -0.0140307, -0.0529745, 0.186993, 0.0659734, 
-0.476187, 0.0849251, -0.0899994, -0.0140307, -0.0529745, 0.186993, 0.0659734, 
-0.476182, 0.0849251, -0.0899994, -0.0140307, -0.0529745, 0.186993, 0.0659734, 
-0.476182, 0.0849251, -0.0899994, -0.0140307, -0.0529745, 0.186993, 0.0659734, 
-0.476182, 0.0849251, -0.0899994, -0.0140307, -0.0529745, 0.186993, 0.0659734, 
-0.476182, 0.0849251, -0.0899994, -0.0140307, -0.0529745, 0.186993, 0.0659734, 
-0.476177, 0.0849251, -0.0899994, -0.0140307, -0.0529745, 0.186993, 0.0659734, 
-0.476177, 0.0849251, -0.0899994, -0.0140307, -0.0529745, 0.186993, 0.0659734, 
-0.476177, 0.0849251, -0.0899994, -0.0140307, -0.0529745, 0.186993, 0.0659734, 
-0.476177, 0.0849251, -0.0899994, -0.0140307, -0.0529745, 0.186993, 0.0659734, 
-0.476177, 0.0849304, -0.0899994, -0.0140307, -0.0529745, 0.186993, 0.0659734, 
-0.476177, 0.0849304, -0.0899994, -0.0140307, -0.0529745, 0.186993, 0.0659734, 
-0.476177, 0.0849304, -0.0899994, -0.0140307, -0.0529745, 0.186993, 0.0659734, 
-0.476177, 0.0849304, -0.0899994, -0.0140307, -0.0529745, 0.186993, 0.0659734, 
-0.476177, 0.0849304, -0.0899994, -0.0140307, -0.0529745, 0.186993, 0.0659734, 
-0.476177, 0.0849304, -0.0899994, -0.0140307, -0.0529745, 0.186993, 0.0659734, 
-0.476177, 0.0849304, -0.0899994, -0.0140307, -0.0529745, 0.186993, 0.0659734, 
-0.476171, 0.0849304, -0.0899994, -0.0140307, -0.0529745, 0.186993, 0.0659734, 
-0.476171, 0.0849357, -0.0899994, -0.0140307, -0.0529745, 0.186993, 0.0659734, 
-0.476171, 0.0849357, -0.0899994, -0.0140307, -0.0529745, 0.186993, 0.0659734, 
-0.476171, 0.0849357, -0.0899994, -0.0140307, -0.0529745, 0.186993, 0.0659791, 
-0.476171, 0.0849357, -0.0899994, -0.0140307, -0.0529745, 0.186993, 0.0659791, 
-0.476171, 0.0849357, -0.0899994, -0.0140307, -0.0529745, 0.186993, 0.0659791, 
-0.476171, 0.0849357, -0.0899994, -0.0140307, -0.0529745, 0.186993, 0.0659791, 
-0.476171, 0.0849357, -0.0899994, -0.0140307, -0.0529745, 0.186993, 0.0659791, 
-0.476171, 0.0849409, -0.0899994, -0.0140307, -0.0529745, 0.186993, 0.0659791, 
-0.476171, 0.0849409, -0.0899994, -0.0140307, -0.0529745, 0.186993, 0.0659791, 
-0.476166, 0.0849514, -0.0899994, -0.0140307, -0.0529745, 0.186993, 0.0659791, 
-0.476166, 0.084962, -0.0899994, -0.0140307, -0.0529745, 0.186993, 0.0659791, 
-0.476166, 0.084962, -0.0899994, -0.0140307, -0.0529745, 0.186993, 0.0659791, 
-0.476166, 0.0849725, -0.0899994, -0.0140307, -0.0529745, 0.186993, 0.0659791, 
-0.476166, 0.0849725, -0.0899994, -0.0140307, -0.0529745, 0.186993, 0.0659791, 
-0.47594, 0.0849725, -0.0899994, -0.0140307, -0.0529745, 0.186993, 0.0659791, 
-0.47594, 0.0849725, -0.0899994, -0.0140307, -0.0529745, 0.186993, 0.0659791, 
-0.474097, 0.084983, -0.0899994, -0.0140307, -0.0529745, 0.186993, 0.0659791, 
-0.473366, 0.084983, -0.0899994, -0.0140307, -0.0529745, 0.186993, 0.0659791, 
-0.472734, 0.084983, -0.0899994, -0.0140307, -0.0529745, 0.186993, 0.0659791, 
-0.469775, 0.0849883, -0.0899994, -0.0140307, -0.0529745, 0.186993, 0.0659791, 
-0.46479, 0.0849883, -0.0899994, -0.0140307, -0.0529745, 0.186993, 0.0659791, 
-0.462811, 0.0849883, -0.0899994, -0.0140307, -0.0529745, 0.186993, 0.0659791, 
-0.456442, 0.0849883, -0.0899994, -0.0140307, -0.0529745, 0.186993, 0.0659791, 
-0.454046, 0.0849883, -0.0899994, -0.0140307, -0.0529745, 0.186993, 0.0659791, 
-0.448477, 0.0849883, -0.0899994, -0.0140307, -0.0529745, 0.186993, 0.0659791, 
-0.448477, 0.0849883, -0.0899994, -0.0140307, -0.0529745, 0.186993, 0.0659791, 
-0.448477, 0.0849883, -0.0899994, -0.0140307, -0.0529745, 0.186993, 0.0659791, 
-0.448477, 0.0849883, -0.0899994, -0.0140307, -0.0529745, 0.186993, 0.0659791, 
-0.448477, 0.0849883, -0.0899994, -0.0140307, -0.0529745, 0.186993, 0.0659791, 
-0.448477, 0.0849883, -0.0899994, -0.0140307, -0.0529745, 0.186993, 0.0659791, 
-0.448477, 0.0849883, -0.0899994, -0.0140307, -0.0529745, 0.186993, 0.0659791, 
-0.448477, 0.0849883, -0.0899994, -0.0140307, -0.0529745, 0.186993, 0.0659791, 
-0.448477, 0.0849883, -0.0899994, -0.0140307, -0.0529745, 0.186993, 0.0659791, 
-0.42133, 0.0849988, -0.0899994, -0.0140307, -0.0529745, 0.186993, 0.0659791, 
-0.412013, 0.0849988, -0.0899994, -0.0140307, -0.0529745, 0.186993, 0.0659791, 
-0.412013, 0.0849988, -0.0899994, -0.0140307, -0.0529745, 0.186993, 0.0659791, 
-0.40199, 0.0849988, -0.0899994, -0.0140307, -0.0529745, 0.186993, 0.0659791, 
-0.396989, 0.0849988, -0.0899994, -0.0140307, -0.0529745, 0.186993, 0.0659791, 
-0.396989, 0.0849988, -0.0899994, -0.0140307, -0.0529745, 0.186993, 0.0659791, 
-0.390857, 0.0849988, -0.0899994, -0.0140307, -0.0529745, 0.186993, 0.0659791, 
-0.387003, 0.0849988, -0.0899994, -0.0140307, -0.0529745, 0.186993, 0.0659791, 
-0.374701, 0.0849988, -0.0899994, -0.0140307, -0.0529745, 0.186993, 0.0659791, 
-0.370906, 0.0849988, -0.0899994, -0.0140307, -0.0529745, 0.186993, 0.0659791, 
-0.370906, 0.0849988, -0.0899994, -0.0140307, -0.0529745, 0.186993, 0.0659791, 
-0.367237, 0.0849988, -0.0899994, -0.0140307, -0.0529745, 0.186993, 0.0659791, 
-0.360283, 0.0849988, -0.0899994, -0.0140307, -0.0529745, 0.186993, 0.0659791, 
-0.353671, 0.0849988, -0.0899994, -0.0140257, -0.0529745, 0.186993, 0.0659791, 
-0.35175, 0.0849988, -0.0899994, -0.0140257, -0.0529745, 0.186993, 0.0659791, 
-0.34896, 0.0849988, -0.0899994, -0.0140257, -0.0529745, 0.186993, 0.0659791, 
-0.346165, 0.0849988, -0.0899994, -0.0140257, -0.0529745, 0.186993, 0.0659791, 
-0.343622, 0.0849988, -0.0899994, -0.0140257, -0.0529745, 0.186993, 0.0659791, 
-0.338764, 0.0849988, -0.0899994, -0.0140257, -0.0529745, 0.186993, 0.0659791, 
-0.336516, 0.0849988, -0.0899994, -0.0140257, -0.0529745, 0.186993, 0.0659791, 
-0.334479, 0.0849988, -0.0899994, -0.0140257, -0.0529745, 0.186993, 0.0659791, 
-0.334479, 0.0849988, -0.0899994, -0.0140257, -0.0529745, 0.186993, 0.0659791, 
-0.334479, 0.0849988, -0.0899994, -0.0140257, -0.0529745, 0.186993, 0.0659791, 
-0.334479, 0.0849988, -0.0899994, -0.0140257, -0.0529745, 0.186993, 0.0659791, 
-0.324724, 0.0849988, -0.0899994, -0.0140257, -0.0529745, 0.186993, 0.0659791, 
-0.323119, 0.0849988, -0.0899994, -0.0140257, -0.0529745, 0.186993, 0.0659791, 
-0.322019, 0.0849988, -0.0899994, -0.0140257, -0.0529745, 0.186993, 0.0659791, 
-0.320908, 0.0849988, -0.0899994, -0.0140257, -0.0529745, 0.186993, 0.0659791, 
-0.319181, 0.0849988, -0.0899994, -0.0140257, -0.0529745, 0.186993, 0.0659791, 
-0.317649, 0.0849988, -0.0899994, -0.0140257, -0.0529745, 0.186993, 0.0659791, 
-0.315912, 0.0849988, -0.0899994, -0.0140257, -0.0529745, 0.186993, 0.0659791, 
-0.311854, 0.0849988, -0.0899994, -0.0140257, -0.0529745, 0.186993, 0.0659791, 
-0.307053, 0.0849988, -0.0899994, -0.0140257, -0.0529745, 0.186993, 0.0659791, 
-0.301815, 0.0849988, -0.0899994, -0.0140257, -0.0529745, 0.186993, 0.0659791, 
-0.300241, 0.0849988, -0.0899994, -0.0140257, -0.0529745, 0.186993, 0.0659791, 
-0.296962, 0.0849988, -0.0899994, -0.0140257, -0.0529745, 0.186993, 0.0659791, 
-0.282233, 0.0849988, -0.0899994, -0.0140257, -0.0529745, 0.186993, 0.0659791, 
-0.278079, 0.0849988, -0.0899994, -0.0140257, -0.0529745, 0.186993, 0.0659791, 
-0.267262, 0.0849988, -0.0899994, -0.0140257, -0.0529745, 0.186993, 0.0659791, 
-0.258081, 0.0849988, -0.0899994, -0.0140257, -0.0529745, 0.186993, 0.0659791, 
-0.253049, 0.0849988, -0.0899994, -0.0140257, -0.0529745, 0.186993, 0.0659791, 
-0.247769, 0.0849988, -0.0899994, -0.0140257, -0.0529745, 0.186993, 0.0659791, 
-0.247769, 0.0849988, -0.0899994, -0.0140257, -0.0529745, 0.186993, 0.0659791, 
-0.229703, 0.0849988, -0.0899994, -0.0140207, -0.0529745, 0.186993, 0.0659791, 
-0.224628, 0.0849988, -0.0899994, -0.0140207, -0.0529745, 0.186993, 0.0659791, 
-0.214358, 0.0849988, -0.0899994, -0.0140207, -0.0529745, 0.186993, 0.0659791, 
-0.207272, 0.0849988, -0.0899994, -0.0140207, -0.0529745, 0.186993, 0.0659791, 
-0.166492, 0.0849988, -0.0899994, -0.0140207, -0.0529802, 0.186993, 0.0659791, 
-0.163428, 0.0849988, -0.0899994, -0.0140207, -0.0529802, 0.186993, 0.0659791, 
-0.159538, 0.0849988, -0.0899994, -0.0140207, -0.0529802, 0.186993, 0.0659791, 
-0.154558, 0.0849988, -0.0899994, -0.0140207, -0.0529802, 0.186993, 0.0659791, 
-0.154558, 0.0849988, -0.0899994, -0.0140207, -0.0529802, 0.186993, 0.0659791, 
-0.122695, 0.0850041, -0.0899994, -0.0140156, -0.0529802, 0.186993, 0.0659791, 
-0.11872, 0.0850041, -0.0899994, -0.0140156, -0.0529802, 0.186993, 0.0659791, 
-0.107582, 0.0850041, -0.0899994, -0.0140156, -0.0529802, 0.186993, 0.0659791, 
-0.100817, 0.0850041, -0.0899994, -0.0140156, -0.0529802, 0.186993, 0.0659791, 
-0.0908156, 0.0850041, -0.0899994, -0.0140156, -0.0529802, 0.186993, 0.0659791, 
-0.0856832, 0.0850041, -0.0899994, -0.0140156, -0.0529802, 0.186993, 0.0659791, 
-0.0769027, 0.0850041, -0.0899994, -0.0140156, -0.0529802, 0.186993, 0.0659791, 
-0.0721914, 0.0850094, -0.0899994, -0.0140156, -0.0529802, 0.186993, 0.0659791, 
-0.0452552, 0.0850094, -0.0899994, -0.0140106, -0.0529802, 0.186993, 0.0659791, 
-0.041744, 0.0850094, -0.0899994, -0.0140106, -0.0529802, 0.186993, 0.0659791, 
-0.0314896, 0.0850094, -0.0899994, -0.0140106, -0.0529802, 0.186993, 0.0659791, 
-0.0193981, 0.0850094, -0.0899994, -0.0140106, -0.0529802, 0.186993, 0.0659791, 
0.00205298, 0.0850094, -0.0899994, -0.0140106, -0.0529802, 0.186993, 0.0659791, 
0.00883836, 0.0850094, -0.0899994, -0.0140106, -0.0529802, 0.186993, 0.0659791, 
0.0129601, 0.0850094, -0.0899994, -0.0140106, -0.0529802, 0.186993, 0.0659791, 
0.0547673, 0.0850094, -0.0899994, -0.0140056, -0.0529802, 0.186993, 0.0659791, 
0.0696804, 0.0850146, -0.0899994, -0.0140056, -0.0529802, 0.186993, 0.0659791, 
0.0732968, 0.0850146, -0.0899994, -0.0140056, -0.0529802, 0.186993, 0.0659791, 
0.0768395, 0.0850146, -0.0899994, -0.0140056, -0.0529802, 0.186993, 0.0659791, 
0.0837828, 0.0850146, -0.0899994, -0.0140056, -0.0529802, 0.186999, 0.0659791, 
0.0905471, 0.0850146, -0.0899994, -0.0140056, -0.0529802, 0.186999, 0.0659791, 
0.125716, 0.0850146, -0.0899994, -0.0140056, -0.0529802, 0.186999, 0.0659791, 
0.136029, 0.0850199, -0.0899994, -0.0140056, -0.0529802, 0.186999, 0.0659791, 
0.1559, 0.0850199, -0.0899994, -0.0140006, -0.0529802, 0.186999, 0.0659791, 
0.162207, 0.0850199, -0.0899994, -0.0140006, -0.0529802, 0.186999, 0.0659791, 
0.164149, 0.0850199, -0.0899994, -0.0140006, -0.0529802, 0.186999, 0.0659791, 
0.177057, 0.0850199, -0.0899994, -0.0140006, -0.0529802, 0.186999, 0.0659791, 
0.177057, 0.0850199, -0.0899994, -0.0140006, -0.0529802, 0.186999, 0.0659791, 
0.177057, 0.0850199, -0.0899994, -0.0140006, -0.0529802, 0.186999, 0.0659791, 
0.194018, 0.0850199, -0.0899994, -0.0140006, -0.0529802, 0.186999, 0.0659791, 
0.194018, 0.0850199, -0.0899994, -0.0140006, -0.0529802, 0.186999, 0.0659791, 
0.200208, 0.0850199, -0.0899994, -0.0140006, -0.0529802, 0.186999, 0.0659791, 
0.20444, 0.0850199, -0.0899994, -0.0140006, -0.0529802, 0.186999, 0.0659791, 
0.207346, 0.0850199, -0.0899994, -0.0140006, -0.0529802, 0.186999, 0.0659791, 
0.217685, 0.0850251, -0.0899994, -0.0140006, -0.0529802, 0.186999, 0.0659791, 
0.217685, 0.0850251, -0.0899994, -0.0140006, -0.0529802, 0.186999, 0.0659791, 
0.225913, 0.0850251, -0.0899994, -0.0140006, -0.0529802, 0.186999, 0.0659791, 
0.230645, 0.0850251, -0.0899994, -0.0140006, -0.0529802, 0.186999, 0.0659791, 
0.235451, 0.0850251, -0.0899994, -0.0139956, -0.0529802, 0.186999, 0.0659791, 
0.237641, 0.0850251, -0.0899994, -0.0139956, -0.0529802, 0.186999, 0.0659791, 
0.25088, 0.0850251, -0.0899994, -0.0139956, -0.0529859, 0.186999, 0.0659791, 
0.275205, 0.0850251, -0.0899994, -0.0139956, -0.0529859, 0.186999, 0.0659791, 
0.293429, 0.0850251, -0.0899994, -0.0139956, -0.0529859, 0.186999, 0.0659791, 
0.315302, 0.0850251, -0.0899994, -0.0139956, -0.0529859, 0.186999, 0.0659791, 
0.32693, 0.0850251, -0.0899994, -0.0139956, -0.0529859, 0.186999, 0.0659791, 
0.329767, 0.0850251, -0.0899994, -0.0139956, -0.0529859, 0.186999, 0.0659791, 
0.341475, 0.0850251, -0.0899994, -0.0139956, -0.0529859, 0.186999, 0.0659791, 
0.346739, 0.0850304, -0.0899994, -0.0139956, -0.0529859, 0.186999, 0.0659791, 
0.352292, 0.0850304, -0.0899994, -0.0139956, -0.0529859, 0.186999, 0.0659791, 
0.357593, 0.0850304, -0.0899994, -0.0139956, -0.0529859, 0.186999, 0.0659791, 
0.372264, 0.0850304, -0.0899994, -0.0139905, -0.0529859, 0.186999, 0.0659791, 
0.384187, 0.0850304, -0.0899994, -0.0139905, -0.0529859, 0.186999, 0.0659791, 
0.391283, 0.0850304, -0.0899994, -0.0139905, -0.0529859, 0.186999, 0.0659848, 
0.399663, 0.0850304, -0.0899994, -0.0139905, -0.0529859, 0.186999, 0.0659848, 
0.405986, 0.0850304, -0.0899994, -0.0139905, -0.0529859, 0.186999, 0.0659848, 
0.410092, 0.0850304, -0.0899994, -0.0139905, -0.0529859, 0.186999, 0.0659848, 
0.423647, 0.0850357, -0.0899994, -0.0139905, -0.0529859, 0.186999, 0.0659848, 
0.428284, 0.0850357, -0.0899994, -0.0139905, -0.0529859, 0.186999, 0.0659848, 
0.433027, 0.0850357, -0.0899994, -0.0139905, -0.0529859, 0.186999, 0.0659848, 
0.437159, 0.0850357, -0.0899994, -0.0139905, -0.0529859, 0.186999, 0.0659848, 
0.437159, 0.0850357, -0.0899994, -0.0139905, -0.0529859, 0.186999, 0.0659848, 
0.461658, 0.0850357, -0.0899994, -0.0139905, -0.0529859, 0.186999, 0.0659848, 
0.469444, 0.0850357, -0.0899994, -0.0139905, -0.0529859, 0.186999, 0.0659848, 
0.471155, 0.0850357, -0.0899994, -0.0139905, -0.0529859, 0.186999, 0.0659848, 
0.473518, 0.0850357, -0.0899994, -0.0139855, -0.0529859, 0.186999, 0.0659848, 
0.473518, 0.0850357, -0.0899994, -0.0139855, -0.0529859, 0.186999, 0.0659848, 
0.479309, 0.0850357, -0.0899994, -0.0139855, -0.0529859, 0.186999, 0.0659848, 
0.485215, 0.0850357, -0.0899994, -0.0139855, -0.0529859, 0.186999, 0.0659848, 
0.490158, 0.0850357, -0.0899994, -0.0139855, -0.0529859, 0.186999, 0.0659848, 
0.491242, 0.0850357, -0.0899994, -0.0139855, -0.0529859, 0.186999, 0.0659848, 
0.493032, 0.0850409, -0.0899994, -0.0139855, -0.0529859, 0.186999, 0.0659848, 
0.494164, 0.0850409, -0.0899994, -0.0139855, -0.0529859, 0.186999, 0.0659848, 
0.494164, 0.0850409, -0.0899994, -0.0139855, -0.0529859, 0.186999, 0.0659848, 
0.495712, 0.0850409, -0.0899994, -0.0139855, -0.0529859, 0.186999, 0.0659848, 
0.495712, 0.0850409, -0.0899994, -0.0139855, -0.0529859, 0.186999, 0.0659848, 
0.500139, 0.0850409, -0.0899994, -0.0139855, -0.0529859, 0.186999, 0.0659848, 
0.500139, 0.0850409, -0.0899994, -0.0139855, -0.0529859, 0.186999, 0.0659848, 
0.500423, 0.0850409, -0.0899994, -0.0139855, -0.0529859, 0.186999, 0.0659848, 
0.500423, 0.0850409, -0.0899994, -0.0139855, -0.0529859, 0.186999, 0.0659848, 
0.500528, 0.0850409, -0.0899994, -0.0139855, -0.0529859, 0.186999, 0.0659848, 
0.500528, 0.0850409, -0.0899994, -0.0139855, -0.0529859, 0.186999, 0.0659848, 
0.500528, 0.0850409, -0.0899994, -0.0139855, -0.0529859, 0.186999, 0.0659848, 
0.500497, 0.0850409, -0.0899994, -0.0139855, -0.0529859, 0.186999, 0.0659848, 
0.500486, 0.0850409, -0.0899994, -0.0139855, -0.0529859, 0.186999, 0.0659848, 
0.500486, 0.0850409, -0.0899994, -0.0139855, -0.0529859, 0.186999, 0.0659848, 
0.500481, 0.0850409, -0.0899994, -0.0139855, -0.0529859, 0.186999, 0.0659848, 
0.500481, 0.0850409, -0.0899994, -0.0139855, -0.0529859, 0.186999, 0.0659848, 
0.500481, 0.0850409, -0.0899994, -0.0139855, -0.0529859, 0.186999, 0.0659848, 
0.489516, 0.0850409, -0.0899994, -0.0139855, -0.0529859, 0.186999, 0.0659848, 
0.485031, 0.0850409, -0.0899994, -0.0139855, -0.0529859, 0.186999, 0.0659848, 
0.475729, 0.0850409, -0.0899994, -0.0139855, -0.0529859, 0.186999, 0.0659848, 
0.463985, 0.0850409, -0.0899994, -0.0139855, -0.0529916, 0.186999, 0.0659848, 
0.462337, 0.0850409, -0.0899994, -0.0139855, -0.0529916, 0.186999, 0.0659848, 
0.447856, 0.0850409, -0.0899994, -0.0139855, -0.0529916, 0.186999, 0.0659848, 
0.445408, 0.0850409, -0.0899994, -0.0139855, -0.0529916, 0.186999, 0.0659848, 
0.441481, 0.0850409, -0.0899994, -0.0139855, -0.0529916, 0.186999, 0.0659848, 
0.441481, 0.0850409, -0.0899994, -0.0139855, -0.0529916, 0.186999, 0.0659848, 
0.436517, 0.0850409, -0.0899994, -0.0139855, -0.0529916, 0.186999, 0.0659848, 
0.435722, 0.0850409, -0.0899994, -0.0139855, -0.0529916, 0.186999, 0.0659848, 
0.435722, 0.0850409, -0.0899994, -0.0139855, -0.0529916, 0.186999, 0.0659848, 
0.434106, 0.0850409, -0.0899994, -0.0139855, -0.0529916, 0.186999, 0.0659848, 
0.433901, 0.0850409, -0.0899994, -0.0139855, -0.0529916, 0.186999, 0.0659848, 
0.433901, 0.0850409, -0.0899994, -0.0139855, -0.0529916, 0.186999, 0.0659848, 
0.433901, 0.0850409, -0.0899994, -0.0139855, -0.0529916, 0.186999, 0.0659848, 
0.433901, 0.0850409, -0.0899994, -0.0139855, -0.0529916, 0.186999, 0.0659848, 
0.433901, 0.0850409, -0.0899994, -0.0139855, -0.0529916, 0.186999, 0.0659848, 
0.433901, 0.0850409, -0.0899994, -0.0139855, -0.0529916, 0.186999, 0.0659848, 
0.433901, 0.0850409, -0.0899994, -0.0139855, -0.0529916, 0.186999, 0.0659848, 
0.433901, 0.0850409, -0.0899994, -0.0139855, -0.0529916, 0.186999, 0.0659848, 
0.433901, 0.0850409, -0.0899994, -0.0139855, -0.0529916, 0.186999, 0.0659848, 
0.434169, 0.0850409, -0.0899994, -0.0139855, -0.0529916, 0.186999, 0.0659848, 
0.434133, 0.0850409, -0.0899994, -0.0139855, -0.0529916, 0.186999, 0.0659848, 
0.432711, 0.0850409, -0.0899994, -0.0139855, -0.0529916, 0.186999, 0.0659848, 
0.425315, 0.0850409, -0.0899994, -0.0139855, -0.0529916, 0.186999, 0.0659848, 
0.423141, 0.0850409, -0.0899994, -0.0139855, -0.0529916, 0.186999, 0.0659848, 
0.414761, 0.0850409, -0.0899994, -0.0139855, -0.0529916, 0.186999, 0.0659848, 
0.403964, 0.0850357, -0.0899994, -0.0139855, -0.0529916, 0.186999, 0.0659848, 
0.400658, 0.0850357, -0.0899994, -0.0139855, -0.0529916, 0.186999, 0.0659848, 
0.395063, 0.0850357, -0.0899994, -0.0139855, -0.0529916, 0.186999, 0.0659848, 
0.390499, 0.0850357, -0.0899994, -0.0139855, -0.0529916, 0.186999, 0.0659848, 
0.361957, 0.0850357, -0.0899994, -0.0139855, -0.0529916, 0.186999, 0.0659848, 
0.361957, 0.0850357, -0.0899994, -0.0139855, -0.0529916, 0.186999, 0.0659848, 
0.359425, 0.0850357, -0.0899994, -0.0139855, -0.0529916, 0.186999, 0.0659848, 
0.334231, 0.0850357, -0.0899994, -0.0139855, -0.0529916, 0.186999, 0.0659848, 
0.323403, 0.0850357, -0.0899994, -0.0139855, -0.0529916, 0.186999, 0.0659848, 
0.323403, 0.0850357, -0.0899994, -0.0139855, -0.0529916, 0.186999, 0.0659848, 
0.311248, 0.0850357, -0.0899994, -0.0139855, -0.0529916, 0.186999, 0.0659848, 
0.305921, 0.0850357, -0.0899994, -0.0139855, -0.0529916, 0.186999, 0.0659848, 
0.295619, 0.0850304, -0.0899994, -0.0139855, -0.0529916, 0.186999, 0.0659848, 
0.28706, 0.0850304, -0.0899994, -0.0139855, -0.0529916, 0.186999, 0.0659848, 
0.273294, 0.0850304, -0.0899994, -0.0139855, -0.0529916, 0.186999, 0.0659848, 
0.273294, 0.0850304, -0.0899994, -0.0139855, -0.0529916, 0.186999, 0.0659848, 
0.26275, 0.0850304, -0.0899994, -0.0139855, -0.0529916, 0.186999, 0.0659848, 
0.259402, 0.0850304, -0.0899994, -0.0139855, -0.0529916, 0.186999, 0.0659848, 
0.248527, 0.0850304, -0.0899994, -0.0139855, -0.0529916, 0.186999, 0.0659848, 
0.246895, 0.0850304, -0.0899994, -0.0139855, -0.0529916, 0.186999, 0.0659848, 
0.245126, 0.0850304, -0.0899994, -0.0139855, -0.0529916, 0.186999, 0.0659848, 
0.216621, 0.0850251, -0.0899994, -0.0139855, -0.0529916, 0.186999, 0.0659848, 
0.214179, 0.0850251, -0.0899994, -0.0139855, -0.0529916, 0.186999, 0.0659848, 
0.209168, 0.0850251, -0.0899994, -0.0139855, -0.0529916, 0.186999, 0.0659848, 
0.209168, 0.0850251, -0.0899994, -0.0139855, -0.0529916, 0.186999, 0.0659848, 
0.20652, 0.0850251, -0.0899994, -0.0139855, -0.0529916, 0.186999, 0.0659848, 
0.20652, 0.0850251, -0.0899994, -0.0139855, -0.0529916, 0.186999, 0.0659848, 
0.184411, 0.0850251, -0.0899994, -0.0139855, -0.0529916, 0.186999, 0.0659848, 
0.184411, 0.0850251, -0.0899994, -0.0139855, -0.0529916, 0.186999, 0.0659848, 
0.171024, 0.0850251, -0.0899994, -0.0139855, -0.0529916, 0.186999, 0.0659848, 
0.165139, 0.0850251, -0.0899994, -0.0139855, -0.0529916, 0.186999, 0.0659848, 
0.153853, 0.0850199, -0.0899994, -0.0139855, -0.0529916, 0.186999, 0.0659848, 
0.146178, 0.0850199, -0.0899994, -0.0139855, -0.0529916, 0.186999, 0.0659848, 
0.113272, 0.0850199, -0.0899994, -0.0139855, -0.0529916, 0.186999, 0.0659848, 
0.105413, 0.0850199, -0.0899994, -0.0139855, -0.0529916, 0.186999, 0.0659848, 
0.101733, 0.0850199, -0.0899994, -0.0139855, -0.0529916, 0.186999, 0.0659848, 
0.084025, 0.0850199, -0.0899994, -0.0139855, -0.0529916, 0.186999, 0.0659848, 
0.0764131, 0.0850199, -0.0899994, -0.0139855, -0.0529916, 0.186999, 0.0659848, 
0.0474976, 0.0850146, -0.0899994, -0.0139855, -0.0529916, 0.186999, 0.0659848, 
0.0447182, 0.0850146, -0.0899994, -0.0139855, -0.0529916, 0.186999, 0.0659848, 
0.0419862, 0.0850146, -0.0899994, -0.0139855, -0.0529916, 0.186999, 0.0659848, 
0.0212563, 0.0850146, -0.0899994, -0.0139855, -0.0529916, 0.186999, 0.0659848, 
0.00340585, 0.0850146, -0.0899994, -0.0139905, -0.0529916, 0.186999, 0.0659848, 
-0.000352692, 0.0850146, -0.0899994, -0.0139905, -0.0529916, 0.186999, 0.0659848, 
-0.00743812, 0.0850094, -0.0899994, -0.0139905, -0.0529916, 0.186999, 0.0659848, 
-0.0171872, 0.0850094, -0.0899994, -0.0139905, -0.0529916, 0.186999, 0.0659848, 
-0.0208931, 0.0850094, -0.0899994, -0.0139905, -0.0529916, 0.186999, 0.0659848, 
-0.0226986, 0.0850094, -0.0899994, -0.0139905, -0.0529916, 0.186999, 0.0659848, 
-0.0479872, 0.0850094, -0.0899994, -0.0139905, -0.0529916, 0.186999, 0.0659848, 
-0.0551621, 0.0850094, -0.0899994, -0.0139905, -0.0529916, 0.186999, 0.0659848, 
-0.0633635, 0.0850094, -0.0899994, -0.0139905, -0.0529916, 0.186999, 0.0659848, 
-0.0950742, 0.0850041, -0.0899994, -0.0139905, -0.0529916, 0.186999, 0.0659848, 
-0.0998277, 0.0850041, -0.0899994, -0.0139905, -0.0529916, 0.186999, 0.0659848, 
-0.120247, 0.0850041, -0.0899994, -0.0139905, -0.0529916, 0.186999, 0.0659848, 
-0.134976, 0.0850041, -0.0899994, -0.0139905, -0.0529916, 0.186999, 0.0659848, 
-0.143119, 0.0850041, -0.0899994, -0.0139905, -0.0529916, 0.186999, 0.0659848, 
-0.162665, 0.0850041, -0.0899994, -0.0139905, -0.0529916, 0.186999, 0.0659848, 
-0.166229, 0.0850041, -0.0899994, -0.0139905, -0.0529916, 0.186999, 0.0659848, 
-0.171103, 0.0850041, -0.0899994, -0.0139905, -0.0529916, 0.186999, 0.0659848, 
-0.178599, 0.0850041, -0.0899994, -0.0139905, -0.0529916, 0.186999, 0.0659905, 
-0.192528, 0.0849988, -0.0899994, -0.0139956, -0.0529916, 0.186999, 0.0659905, 
-0.192528, 0.0849988, -0.0899994, -0.0139956, -0.0529916, 0.186999, 0.0659905, 
-0.205841, 0.0849988, -0.0899994, -0.0139956, -0.0529916, 0.186999, 0.0659905, 
-0.211821, 0.0849988, -0.0899994, -0.0139956, -0.0529916, 0.186999, 0.0659905, 
-0.221412, 0.0849988, -0.0899994, -0.0139956, -0.0529916, 0.186999, 0.0659905, 
-0.221412, 0.0849988, -0.0899994, -0.0139956, -0.0529916, 0.186999, 0.0659905, 
-0.250706, 0.0849936, -0.0899994, -0.0139956, -0.0529916, 0.186999, 0.0659905, 
-0.252886, 0.0849936, -0.0899994, -0.0139956, -0.0529916, 0.186999, 0.0659905, 
-0.254807, 0.0849936, -0.0899994, -0.0139956, -0.0529916, 0.186999, 0.0659905, 
-0.254807, 0.0849936, -0.0899994, -0.0139956, -0.0529916, 0.186999, 0.0659905, 
-0.265093, 0.0849883, -0.0899994, -0.0139956, -0.0529916, 0.186999, 0.0659905, 
-0.274595, 0.0849883, -0.0899994, -0.0139956, -0.0529916, 0.186999, 0.0659905, 
-0.277327, 0.0849883, -0.0899994, -0.0139956, -0.0529916, 0.186999, 0.0659905, 
-0.280638, 0.0849883, -0.0899994, -0.0139956, -0.0529916, 0.186999, 0.0659905, 
-0.285954, 0.084983, -0.0899994, -0.0139956, -0.0529916, 0.186999, 0.0659905, 
-0.307163, 0.0849725, -0.0899994, -0.0139956, -0.0529916, 0.186999, 0.0659905, 
-0.311706, 0.0849672, -0.0899994, -0.0139956, -0.0529916, 0.186999, 0.0659905, 
-0.320281, 0.0849304, -0.0899994, -0.0140006, -0.0529916, 0.186999, 0.0659905, 
-0.325856, 0.0849251, -0.0899994, -0.0140006, -0.0529916, 0.186999, 0.0659905, 
-0.337105, 0.0849251, -0.0899994, -0.0140006, -0.0529916, 0.186999, 0.0659905, 
-0.356451, 0.0849199, -0.0899994, -0.0140006, -0.0529916, 0.186999, 0.0659905, 
-0.364447, 0.0849199, -0.0899994, -0.0140006, -0.0529916, 0.186999, 0.0659905, 
-0.367547, 0.0849199, -0.0899994, -0.0140006, -0.0529916, 0.186999, 0.0659905, 
-0.389225, 0.0849199, -0.0899994, -0.0140006, -0.0529916, 0.186999, 0.0659905, 
-0.395057, 0.0849199, -0.0899994, -0.0140006, -0.0529916, 0.186999, 0.0659905, 
-0.400443, 0.0849199, -0.0899994, -0.0140006, -0.0529916, 0.186999, 0.0659905, 
-0.400443, 0.0849199, -0.0899994, -0.0140006, -0.0529916, 0.186999, 0.0659905, 
-0.413292, 0.0849199, -0.0899994, -0.0140006, -0.0529916, 0.186999, 0.0659905, 
-0.415308, 0.0849199, -0.0899994, -0.0140006, -0.0529916, 0.186999, 0.0659905, 
-0.415308, 0.0849199, -0.0899994, -0.0140006, -0.0529916, 0.186999, 0.0659905, 
-0.422515, 0.0849199, -0.0899994, -0.0140056, -0.0529916, 0.186999, 0.0659905, 
-0.433938, 0.0849199, -0.0899994, -0.0140056, -0.0529916, 0.186999, 0.0659905, 
-0.443482, 0.0849199, -0.0899994, -0.0140056, -0.0529916, 0.186999, 0.0659905, 
-0.443482, 0.0849199, -0.0899994, -0.0140056, -0.0529916, 0.186999, 0.0659905, 
-0.445587, 0.0849199, -0.0899994, -0.0140056, -0.0529916, 0.186999, 0.0659905, 
-0.458195, 0.0849199, -0.0899994, -0.0140056, -0.0529916, 0.186993, 0.0659905, 
-0.458816, 0.0849199, -0.0899994, -0.0140056, -0.0529916, 0.186993, 0.0659905, 
-0.459437, 0.0849199, -0.0899994, -0.0140056, -0.0529916, 0.186993, 0.0659905, 
-0.462395, 0.0849199, -0.0899994, -0.0140056, -0.0529916, 0.186993, 0.0659905, 
-0.463148, 0.0849199, -0.0899994, -0.0140056, -0.0529973, 0.186993, 0.0659905, 
-0.463453, 0.0849199, -0.0899994, -0.0140056, -0.0529973, 0.186993, 0.0659905, 
-0.468107, 0.0849199, -0.0899994, -0.0140056, -0.0529973, 0.186993, 0.0659905, 
-0.472181, 0.0849199, -0.0899994, -0.0140056, -0.0529973, 0.186993, 0.0659905, 
-0.474176, 0.0849199, -0.0899994, -0.0140056, -0.0529973, 0.186993, 0.0659905, 
-0.476508, 0.0849199, -0.0899994, -0.0140056, -0.0529973, 0.186993, 0.0659905, 
-0.483488, 0.0849199, -0.0899994, -0.0140056, -0.0529973, 0.186993, 0.0659905, 
-0.48561, 0.0849199, -0.0899994, -0.0140056, -0.0529973, 0.186993, 0.0659905, 
-0.490242, 0.0849199, -0.0899994, -0.0140056, -0.0529973, 0.186993, 0.0659905, 
-0.490811, 0.0849199, -0.0899994, -0.0140106, -0.0529973, 0.186993, 0.0659905, 
-0.490811, 0.0849199, -0.0899994, -0.0140106, -0.0529973, 0.186993, 0.0659905, 
-0.492874, 0.0849199, -0.0899994, -0.0140106, -0.0529973, 0.186993, 0.0659905, 
-0.493322, 0.0849199, -0.0899994, -0.0140106, -0.0529973, 0.186993, 0.0659905, 
-0.493322, 0.0849199, -0.0899994, -0.0140106, -0.0529973, 0.186993, 0.0659905, 
-0.493843, 0.0849199, -0.0899994, -0.0140106, -0.0529973, 0.186993, 0.0659905, 
-0.494059, 0.0849199, -0.0899994, -0.0140106, -0.0529973, 0.186993, 0.0659905, 
-0.494059, 0.0849199, -0.0899994, -0.0140106, -0.0529973, 0.186993, 0.0659905, 
-0.494059, 0.0849199, -0.0899994, -0.0140106, -0.0529973, 0.186993, 0.0659905, 
-0.494059, 0.0849199, -0.0899994, -0.0140106, -0.0529973, 0.186993, 0.0659905, 
-0.494048, 0.0849199, -0.0899994, -0.0140106, -0.0529973, 0.186993, 0.0659905, 
-0.494027, 0.0849199, -0.0899994, -0.0140106, -0.0529973, 0.186993, 0.0659905, 
-0.494011, 0.0849199, -0.0899994, -0.0140106, -0.0529973, 0.186993, 0.0659905, 
-0.493995, 0.0849199, -0.0899994, -0.0140106, -0.0529973, 0.186993, 0.0659905, 
-0.493948, 0.0849199, -0.0899994, -0.0140106, -0.0529973, 0.186993, 0.0659905, 
-0.493911, 0.0849199, -0.0899994, -0.0140106, -0.0529973, 0.186993, 0.0659905, 
-0.493801, 0.0849251, -0.0899994, -0.0140106, -0.0529973, 0.186993, 0.0659905, 
-0.493738, 0.0849251, -0.0899994, -0.0140106, -0.0529973, 0.186993, 0.0659905, 
-0.493738, 0.0849251, -0.0899994, -0.0140106, -0.0529973, 0.186993, 0.0659905, 
-0.493738, 0.0849251, -0.0899994, -0.0140106, -0.0529973, 0.186993, 0.0659905, 
-0.493674, 0.0849251, -0.0899994, -0.0140106, -0.0529973, 0.186993, 0.0659905, 
-0.493585, 0.0849251, -0.0899994, -0.0140106, -0.0529973, 0.186993, 0.0659905, 
-0.49338, 0.0849251, -0.0899994, -0.0140106, -0.0529973, 0.186993, 0.0659905, 
-0.493195, 0.0849251, -0.0899994, -0.0140106, -0.0529973, 0.186993, 0.0659905, 
-0.492006, 0.0849251, -0.0899994, -0.0140106, -0.0529973, 0.186993, 0.0659905, 
-0.488305, 0.0849251, -0.0899994, -0.0140106, -0.0529973, 0.186993, 0.0659905, 
-0.486526, 0.0849251, -0.0899994, -0.0140106, -0.0529973, 0.186993, 0.0659905, 
-0.485657, 0.0849251, -0.0899994, -0.0140106, -0.0529973, 0.186993, 0.0659905, 
-0.484673, 0.0849251, -0.0899994, -0.0140106, -0.0529973, 0.186993, 0.0659905, 
-0.468049, 0.0849304, -0.0899994, -0.0140106, -0.0529973, 0.186993, 0.0659905, 
-0.465417, 0.0849357, -0.0899994, -0.0140106, -0.0529973, 0.186993, 0.0659905, 
-0.454189, 0.0849357, -0.0899994, -0.0140106, -0.0529973, 0.186993, 0.0659905, 
-0.444729, 0.0849462, -0.0899994, -0.0140106, -0.0529973, 0.186993, 0.0659905, 
-0.428653, 0.0849567, -0.0899994, -0.0140106, -0.0529973, 0.186993, 0.0659905, 
-0.423462, 0.0849567, -0.0899994, -0.0140106, -0.0529973, 0.186993, 0.0659905, 
-0.423462, 0.0849567, -0.0899994, -0.0140106, -0.0529973, 0.186993, 0.0659905, 
-0.414745, 0.084962, -0.0899994, -0.0140106, -0.0529973, 0.186993, 0.0659905, 
-0.414745, 0.084962, -0.0899994, -0.0140106, -0.0529973, 0.186993, 0.0659905, 
-0.402059, 0.0849725, -0.0899994, -0.0140106, -0.0529973, 0.186993, 0.0659905, 
-0.398474, 0.0849778, -0.0899994, -0.0140106, -0.0529973, 0.186993, 0.0659905, 
-0.395384, 0.0849778, -0.0899994, -0.0140106, -0.0529973, 0.186993, 0.0659905, 
-0.393968, 0.084983, -0.0899994, -0.0140106, -0.0529973, 0.186993, 0.0659905, 
-0.391499, 0.084983, -0.0899994, -0.0140106, -0.0529973, 0.186993, 0.0659905, 
-0.386756, 0.084983, -0.0899994, -0.0140106, -0.0529973, 0.186993, 0.0659905, 
-0.378476, 0.0849883, -0.0899994, -0.0140106, -0.0529973, 0.186993, 0.0659905, 
-0.378476, 0.0849883, -0.0899994, -0.0140106, -0.0529973, 0.186993, 0.0659905, 
-0.374212, 0.0849988, -0.0899994, -0.0140106, -0.0529973, 0.186993, 0.0659905, 
-0.373833, 0.0849988, -0.0899994, -0.0140106, -0.0529973, 0.186993, 0.0659905, 
-0.373843, 0.0849988, -0.0899994, -0.0140106, -0.0529973, 0.186993, 0.0659905, 
-0.373859, 0.0849988, -0.0899994, -0.0140106, -0.0529973, 0.186993, 0.0659905, 
-0.373859, 0.0849988, -0.0899994, -0.0140106, -0.0529973, 0.186993, 0.0659905, 
-0.373838, 0.0849988, -0.0899994, -0.0140106, -0.0529973, 0.186993, 0.0659905, 
-0.372801, 0.0849988, -0.0899994, -0.0140106, -0.0529973, 0.186993, 0.0659905, 
-0.366674, 0.0849988, -0.0899994, -0.0140056, -0.0529973, 0.186993, 0.0659905, 
-0.363089, 0.0849988, -0.0899994, -0.0140056, -0.0529973, 0.186993, 0.0659905, 
-0.355366, 0.0849988, -0.0899994, -0.0140056, -0.0529973, 0.186993, 0.0659905, 
-0.346891, 0.0849988, -0.0899994, -0.0140056, -0.0529973, 0.186993, 0.0659905, 
-0.34517, 0.0849988, -0.0899994, -0.0140056, -0.0529973, 0.186993, 0.0659905, 
-0.343391, 0.0849988, -0.0899994, -0.0140056, -0.0529973, 0.186993, 0.0659905, 
-0.341522, 0.0849988, -0.0899994, -0.0140056, -0.0529973, 0.186993, 0.0659905, 
-0.330204, 0.0849988, -0.0899994, -0.0140056, -0.0529973, 0.186993, 0.0659905, 
-0.305716, 0.0849988, -0.0899994, -0.0140056, -0.0529973, 0.186993, 0.0659905, 
-0.30182, 0.0849988, -0.0899994, -0.0140056, -0.0529973, 0.186993, 0.0659905, 
-0.29643, 0.0849988, -0.0899994, -0.0140056, -0.0529973, 0.186993, 0.0659905, 
-0.26085, 0.0849988, -0.0899994, -0.0140056, -0.0529973, 0.186993, 0.0659905, 
-0.254044, 0.0849988, -0.0899994, -0.0140056, -0.0529973, 0.186993, 0.0659905, 
-0.23772, 0.0849988, -0.0899994, -0.0140056, -0.0529973, 0.186993, 0.0659905, 
-0.231571, 0.0849988, -0.0899994, -0.0140056, -0.0529973, 0.186999, 0.0659905, 
-0.214537, 0.0849988, -0.0899994, -0.0140056, -0.0529973, 0.186999, 0.0659905, 
-0.207473, 0.0849988, -0.0899994, -0.0140056, -0.0529973, 0.186999, 0.0659905, 
-0.204935, 0.0849988, -0.0899994, -0.0140056, -0.0529973, 0.186999, 0.0659905, 
-0.204935, 0.0849988, -0.0899994, -0.0140056, -0.0529973, 0.186999, 0.0659905, 
-0.200756, 0.0849988, -0.0899994, -0.0140056, -0.0529973, 0.186999, 0.0659905, 
-0.176478, 0.0849988, -0.0899994, -0.0140056, -0.0529973, 0.186999, 0.0659905, 
-0.173161, 0.0850041, -0.0899994, -0.0140056, -0.0529973, 0.186999, 0.0659905, 
-0.171324, 0.0850041, -0.0899994, -0.0140056, -0.0529973, 0.186999, 0.0659905, 
-0.169398, 0.0850041, -0.0899994, -0.0140056, -0.0529973, 0.186999, 0.0659905, 
-0.15659, 0.0850041, -0.0899994, -0.0140056, -0.0529973, 0.186999, 0.0659905, 
-0.141714, 0.0850041, -0.0899994, -0.0140056, -0.0529973, 0.186999, 0.0659905, 
-0.132539, 0.0850041, -0.0899994, -0.0140056, -0.0529973, 0.186999, 0.0659905, 
-0.129728, 0.0850041, -0.0899994, -0.0140056, -0.0529973, 0.186999, 0.0659905, 
-0.108629, 0.0850041, -0.0899994, -0.0140006, -0.0529973, 0.186999, 0.0659905, 
-0.101818, 0.0850041, -0.0899994, -0.0140006, -0.0529973, 0.186999, 0.0659905, 
-0.0815035, 0.0850041, -0.0899994, -0.0140006, -0.0529973, 0.186999, 0.0659905, 
-0.0742233, 0.0850041, -0.0899994, -0.0140006, -0.053003, 0.186999, 0.0659905, 
-0.0742233, 0.0850041, -0.0899994, -0.0140006, -0.053003, 0.186999, 0.0659905, 
-0.0690119, 0.0850041, -0.0899994, -0.0140006, -0.053003, 0.186999, 0.0659905, 
-0.0145341, 0.0850094, -0.0899994, -0.0140006, -0.053003, 0.186999, 0.0659905, 
-0.00995434, 0.0850094, -0.0899994, -0.0140006, -0.053003, 0.186999, 0.0659905, 
-0.00619054, 0.0850094, -0.0899994, -0.0140006, -0.053003, 0.186999, 0.0659905, 
-0.00619054, 0.0850094, -0.0899994, -0.0140006, -0.053003, 0.186999, 0.0659905, 
-0.000636952, 0.0850094, -0.0899994, -0.0140006, -0.053003, 0.186999, 0.0659905, 
0.0142919, 0.0850094, -0.0899994, -0.0140006, -0.053003, 0.186999, 0.0659905, 
0.045092, 0.0850094, -0.0899994, -0.0139956, -0.053003, 0.186999, 0.0659905, 
0.0480346, 0.0850094, -0.0899994, -0.0139956, -0.053003, 0.186999, 0.0659905, 
0.0480346, 0.0850094, -0.0899994, -0.0139956, -0.053003, 0.186999, 0.0659905, 
0.0509298, 0.0850094, -0.0899994, -0.0139956, -0.053003, 0.186999, 0.0659905, 
0.0817246, 0.0850146, -0.0899994, -0.0139956, -0.053003, 0.186999, 0.0659905, 
0.0903629, 0.0850146, -0.0899994, -0.0139956, -0.053003, 0.186999, 0.0659905, 
0.0947952, 0.0850146, -0.0899994, -0.0139956, -0.053003, 0.186999, 0.0659905, 
0.0947952, 0.0850146, -0.0899994, -0.0139956, -0.053003, 0.186999, 0.0659905, 
0.111482, 0.0850146, -0.0899994, -0.0139956, -0.053003, 0.186999, 0.0659962, 
0.114551, 0.0850146, -0.0899994, -0.0139956, -0.053003, 0.186999, 0.0659962, 
0.117768, 0.0850146, -0.0899994, -0.0139956, -0.053003, 0.186999, 0.0659962, 
0.132733, 0.0850146, -0.0899994, -0.0139956, -0.053003, 0.186999, 0.0659962, 
0.140314, 0.0850146, -0.0899994, -0.0139956, -0.053003, 0.186999, 0.0659962, 
0.151916, 0.0850199, -0.0899994, -0.0139956, -0.053003, 0.186999, 0.0659962, 
0.154379, 0.0850199, -0.0899994, -0.0139956, -0.053003, 0.186999, 0.0659962, 
0.171093, 0.0850199, -0.0899994, -0.0139905, -0.053003, 0.186999, 0.0659962, 
0.199129, 0.0850199, -0.0899994, -0.0139905, -0.053003, 0.186999, 0.0659962, 
0.202466, 0.0850199, -0.0899994, -0.0139905, -0.053003, 0.186999, 0.0659962, 
0.208241, 0.0850199, -0.0899994, -0.0139905, -0.053003, 0.186999, 0.0659962, 
0.237888, 0.0850199, -0.0899994, -0.0139905, -0.053003, 0.186999, 0.0659962, 
0.258634, 0.0850199, -0.0899994, -0.0139905, -0.053003, 0.186999, 0.0659962, 
0.261919, 0.0850199, -0.0899994, -0.0139905, -0.053003, 0.186999, 0.0659962, 
0.273631, 0.0850199, -0.0899994, -0.0139905, -0.053003, 0.186999, 0.0659962, 
0.296856, 0.0850199, -0.0899994, -0.0139905, -0.053003, 0.186999, 0.0659962, 
0.296856, 0.0850199, -0.0899994, -0.0139905, -0.053003, 0.186999, 0.0659962, 
0.305126, 0.0850251, -0.0899994, -0.0139905, -0.053003, 0.186999, 0.0659962, 
0.305126, 0.0850251, -0.0899994, -0.0139905, -0.053003, 0.186999, 0.0659962, 
0.307611, 0.0850251, -0.0899994, -0.0139855, -0.053003, 0.186999, 0.0659962, 
0.313838, 0.0850251, -0.0899994, -0.0139855, -0.053003, 0.186999, 0.0659962, 
0.326883, 0.0850251, -0.0899994, -0.0139855, -0.053003, 0.186999, 0.0659962, 
0.326883, 0.0850251, -0.0899994, -0.0139855, -0.053003, 0.186999, 0.0659962, 
0.338332, 0.0850251, -0.0899994, -0.0139855, -0.053003, 0.186999, 0.0659962, 
0.340343, 0.0850251, -0.0899994, -0.0139855, -0.053003, 0.186999, 0.0659962, 
0.34199, 0.0850251, -0.0899994, -0.0139855, -0.053003, 0.186999, 0.0659962, 
0.347544, 0.0850251, -0.0899994, -0.0139855, -0.053003, 0.186999, 0.0659962, 
0.358683, 0.0850251, -0.0899994, -0.0139855, -0.053003, 0.186999, 0.0659962, 
0.363478, 0.0850251, -0.0899994, -0.0139855, -0.053003, 0.186999, 0.0659962, 
0.364821, 0.0850251, -0.0899994, -0.0139855, -0.053003, 0.186999, 0.0659962, 
0.364821, 0.0850251, -0.0899994, -0.0139855, -0.053003, 0.186999, 0.0659962, 
0.390751, 0.0850251, -0.0899994, -0.0139855, -0.053003, 0.186999, 0.0659962, 
0.397058, 0.0850251, -0.0899994, -0.0139855, -0.053003, 0.186999, 0.0659962, 
0.406538, 0.0850304, -0.0899994, -0.0139855, -0.053003, 0.186999, 0.0659962, 
0.422199, 0.0850304, -0.0899994, -0.0139855, -0.053003, 0.186999, 0.0659962, 
0.427373, 0.0850304, -0.0899994, -0.0139855, -0.053003, 0.186999, 0.0659962, 
0.431601, 0.0850304, -0.0899994, -0.0139855, -0.053003, 0.186999, 0.0659962, 
0.440786, 0.0850304, -0.0899994, -0.0139855, -0.053003, 0.186999, 0.0659962, 
0.449435, 0.0850304, -0.0899994, -0.0139805, -0.053003, 0.186999, 0.0659962, 
0.464269, 0.0850304, -0.0899994, -0.0139805, -0.053003, 0.186999, 0.0659962, 
0.466575, 0.0850304, -0.0899994, -0.0139805, -0.053003, 0.186999, 0.0659962, 
0.468165, 0.0850304, -0.0899994, -0.0139805, -0.053003, 0.186999, 0.0659962, 
0.46967, 0.0850304, -0.0899994, -0.0139805, -0.053003, 0.186999, 0.0659962, 
0.46967, 0.0850304, -0.0899994, -0.0139805, -0.053003, 0.186999, 0.0659962, 
0.481151, 0.0850304, -0.0900044, -0.0139805, -0.053003, 0.186999, 0.0659962, 
0.483388, 0.0850304, -0.0900044, -0.0139805, -0.053003, 0.186999, 0.0659962, 
0.487794, 0.0850304, -0.0900044, -0.0139805, -0.053003, 0.186999, 0.0659962, 
0.487794, 0.0850304, -0.0900044, -0.0139805, -0.053003, 0.186999, 0.0659962, 
0.488589, 0.0850304, -0.0900044, -0.0139805, -0.053003, 0.186999, 0.0659962, 
0.490679, 0.0850304, -0.0900044, -0.0139805, -0.053003, 0.186999, 0.0659962, 
0.490679, 0.0850304, -0.0900044, -0.0139805, -0.053003, 0.186999, 0.0659962, 
0.4924, 0.0850304, -0.0899994, -0.0139805, -0.053003, 0.186999, 0.0659962, 
0.492443, 0.0850304, -0.0899994, -0.0139805, -0.053003, 0.186999, 0.0659962, 
0.492443, 0.0850304, -0.0900044, -0.0139805, -0.053003, 0.186999, 0.0659962, 
0.492448, 0.0850304, -0.0900044, -0.0139805, -0.053003, 0.186999, 0.0659962, 
0.492448, 0.0850304, -0.0900044, -0.0139805, -0.053003, 0.186999, 0.0659962, 
0.491037, 0.0850304, -0.0900044, -0.0139805, -0.053003, 0.186999, 0.0659962, 
0.490216, 0.0850304, -0.0900044, -0.0139805, -0.053003, 0.186999, 0.0659962, 
0.489447, 0.0850304, -0.0900044, -0.0139805, -0.053003, 0.186999, 0.0659962, 
0.488416, 0.0850304, -0.0900044, -0.0139805, -0.053003, 0.186999, 0.0659962, 
0.487105, 0.0850304, -0.0900044, -0.0139805, -0.053003, 0.186999, 0.0659962, 
0.485652, 0.0850304, -0.0900044, -0.0139805, -0.053003, 0.186999, 0.0659962, 
0.477351, 0.0850304, -0.0899994, -0.0139805, -0.053003, 0.186999, 0.0659962, 
0.475229, 0.0850304, -0.0899994, -0.0139805, -0.053003, 0.186999, 0.0659962, 
0.473218, 0.0850304, -0.0899994, -0.0139805, -0.053003, 0.186999, 0.0659962, 
0.473218, 0.0850304, -0.0899994, -0.0139805, -0.053003, 0.186999, 0.0659962, 
0.469928, 0.0850304, -0.0899994, -0.0139805, -0.053003, 0.186999, 0.0659962, 
0.467586, 0.0850304, -0.0899994, -0.0139805, -0.053003, 0.186999, 0.0659962, 
0.466691, 0.0850304, -0.0899994, -0.0139805, -0.053003, 0.186999, 0.0659962, 
0.466201, 0.0850304, -0.0899994, -0.0139805, -0.053003, 0.186999, 0.0659962, 
0.465985, 0.0850304, -0.0899994, -0.0139805, -0.053003, 0.186999, 0.0659962, 
0.465485, 0.0850304, -0.0899994, -0.0139805, -0.053003, 0.186999, 0.0659962, 
0.465485, 0.0850304, -0.0899994, -0.0139805, -0.053003, 0.186999, 0.0659962, 
0.465485, 0.0850304, -0.0899994, -0.0139805, -0.053003, 0.186999, 0.0659962, 
0.465485, 0.0850304, -0.0899994, -0.0139805, -0.053003, 0.186999, 0.0659962, 
0.465485, 0.0850304, -0.0899994, -0.0139805, -0.053003, 0.186999, 0.0659962, 
0.465485, 0.0850304, -0.0899994, -0.0139805, -0.053003, 0.186999, 0.0659962, 
0.465485, 0.0850304, -0.0899994, -0.0139805, -0.053003, 0.186999, 0.0659962, 
0.465485, 0.0850304, -0.0899994, -0.0139805, -0.053003, 0.186999, 0.0659962, 
0.465485, 0.0850304, -0.0899994, -0.0139805, -0.053003, 0.186999, 0.0659962, 
0.465485, 0.0850304, -0.0899994, -0.0139805, -0.053003, 0.186999, 0.0659962, 
0.465485, 0.0850304, -0.0899994, -0.0139805, -0.053003, 0.186999, 0.0659962, 
0.465485, 0.0850304, -0.0899994, -0.0139805, -0.053003, 0.186999, 0.0659962, 
0.465485, 0.0850304, -0.0899994, -0.0139805, -0.053003, 0.186999, 0.0659962, 
0.465485, 0.0850304, -0.0899994, -0.0139805, -0.053003, 0.186999, 0.0659962, 
0.465485, 0.0850304, -0.0899994, -0.0139805, -0.053003, 0.186999, 0.0659962, 
0.465485, 0.0850304, -0.0899994, -0.0139805, -0.053003, 0.186999, 0.0659962, 
0.465496, 0.0850304, -0.0899994, -0.0139805, -0.053003, 0.186999, 0.0659962, 
0.46548, 0.0850304, -0.0899994, -0.0139805, -0.053003, 0.186999, 0.0659962, 
0.46548, 0.0850304, -0.0899994, -0.0139805, -0.053003, 0.186999, 0.0659962, 
0.465138, 0.0850304, -0.0899994, -0.0139805, -0.053003, 0.186999, 0.0659962, 
0.464643, 0.0850304, -0.0899994, -0.0139805, -0.053003, 0.186999, 0.0659962, 
0.464122, 0.0850304, -0.0899994, -0.0139805, -0.053003, 0.186999, 0.0659962, 
0.464122, 0.0850304, -0.0899994, -0.0139805, -0.053003, 0.186999, 0.0659962, 
0.464122, 0.0850304, -0.0899994, -0.0139805, -0.053003, 0.186999, 0.0659962, 
0.464122, 0.0850304, -0.0899994, -0.0139805, -0.053003, 0.186999, 0.0659962, 
0.464122, 0.0850304, -0.0899994, -0.0139805, -0.053003, 0.186999, 0.0659962, 
0.44914, 0.0850304, -0.0899994, -0.0139805, -0.053003, 0.186999, 0.0659962, 
0.446377, 0.0850304, -0.0899994, -0.0139805, -0.053003, 0.186999, 0.0659962, 
0.446377, 0.0850304, -0.0899994, -0.0139805, -0.053003, 0.186999, 0.0659962, 
0.443824, 0.0850304, -0.0899994, -0.0139805, -0.053003, 0.186999, 0.0659962, 
0.443824, 0.0850304, -0.0899994, -0.0139805, -0.053003, 0.186999, 0.0659962, 
0.440244, 0.0850304, -0.0899994, -0.0139805, -0.053003, 0.186999, 0.0659962, 
0.420625, 0.0850304, -0.0899994, -0.0139805, -0.053003, 0.186999, 0.0659962, 
0.418677, 0.0850304, -0.0899994, -0.0139805, -0.053003, 0.186999, 0.0659962, 
0.402148, 0.0850304, -0.0899994, -0.0139805, -0.053003, 0.186999, 0.0659962, 
0.384029, 0.0850304, -0.0899994, -0.0139805, -0.053003, 0.186999, 0.0659962, 
0.372717, 0.0850304, -0.0899994, -0.0139805, -0.053003, 0.186999, 0.0659962, 
0.341875, 0.0850304, -0.0899994, -0.0139805, -0.053003, 0.186999, 0.0659962, 
0.339832, 0.0850304, -0.0899994, -0.0139805, -0.053003, 0.186999, 0.0659962, 
0.332462, 0.0850304, -0.0899994, -0.0139805, -0.053003, 0.186999, 0.0659962, 
0.319344, 0.0850304, -0.0899994, -0.0139805, -0.053003, 0.186999, 0.0659962, 
0.313838, 0.0850251, -0.0899994, -0.0139805, -0.053003, 0.186999, 0.0659962, 
0.312701, 0.0850251, -0.0899994, -0.0139805, -0.053003, 0.186999, 0.0659962, 
0.311559, 0.0850251, -0.0899994, -0.0139805, -0.053003, 0.186999, 0.0659962, 
0.311559, 0.0850251, -0.0899994, -0.0139805, -0.053003, 0.186999, 0.0659962, 
0.30948, 0.0850251, -0.0899994, -0.0139805, -0.053003, 0.186999, 0.0659962, 
0.305358, 0.0850251, -0.0899994, -0.0139805, -0.053003, 0.186999, 0.0659962, 
0.302289, 0.0850251, -0.0899994, -0.0139805, -0.053003, 0.186999, 0.0659962, 
0.298788, 0.0850251, -0.0899994, -0.0139805, -0.053003, 0.186999, 0.0659962, 
0.294961, 0.0850251, -0.0899994, -0.0139805, -0.053003, 0.186999, 0.0659962, 
0.292082, 0.0850251, -0.0899994, -0.0139805, -0.053003, 0.186999, 0.0659962, 
0.289371, 0.0850251, -0.0899994, -0.0139805, -0.053003, 0.186999, 0.0659962, 
0.283312, 0.0850251, -0.0899994, -0.0139805, -0.053003, 0.186999, 0.0659962, 
0.279985, 0.0850251, -0.0899994, -0.0139805, -0.053003, 0.186999, 0.0659962, 
0.269657, 0.0850251, -0.0899994, -0.0139805, -0.053003, 0.186999, 0.0659962, 
0.263477, 0.0850251, -0.0899994, -0.0139805, -0.053003, 0.186999, 0.0659962, 
0.254396, 0.0850251, -0.0899994, -0.0139805, -0.053003, 0.186999, 0.0659962, 
0.228139, 0.0850251, -0.0899994, -0.0139805, -0.053003, 0.186999, 0.0659962, 
0.222791, 0.0850251, -0.0899994, -0.0139805, -0.053003, 0.186999, 0.0659962, 
0.222791, 0.0850251, -0.0899994, -0.0139805, -0.053003, 0.186999, 0.0659962, 
0.216795, 0.0850251, -0.0899994, -0.0139805, -0.053003, 0.186999, 0.0659962, 
0.216795, 0.0850251, -0.0899994, -0.0139805, -0.053003, 0.186999, 0.0659962, 
0.210299, 0.0850251, -0.0899994, -0.0139805, -0.053003, 0.186999, 0.0659962, 
0.210299, 0.0850251, -0.0899994, -0.0139805, -0.053003, 0.186999, 0.0659962, 
0.189301, 0.0850199, -0.0899994, -0.0139805, -0.053003, 0.186999, 0.0659962, 
0.182089, 0.0850199, -0.0899994, -0.0139805, -0.053003, 0.186999, 0.0659962, 
0.161986, 0.0850199, -0.0899994, -0.0139805, -0.053003, 0.186999, 0.0659962, 
0.155695, 0.0850199, -0.0899994, -0.0139805, -0.053003, 0.186999, 0.0659962, 
0.119263, 0.0850199, -0.0899994, -0.0139805, -0.053003, 0.186999, 0.0659962, 
0.116483, 0.0850199, -0.0899994, -0.0139805, -0.053003, 0.186999, 0.0659962, 
0.0852304, 0.0850146, -0.0899994, -0.0139855, -0.053003, 0.186999, 0.0659962, 
0.0825405, 0.0850146, -0.0899994, -0.0139855, -0.053003, 0.186999, 0.0659962, 
0.0785661, 0.0850146, -0.0899994, -0.0139855, -0.053003, 0.186999, 0.0659962, 
0.0785661, 0.0850146, -0.0899994, -0.0139855, -0.053003, 0.186999, 0.0659962, 
0.0624371, 0.0850146, -0.0899994, -0.0139855, -0.053003, 0.186999, 0.0659962, 
0.0593049, 0.0850146, -0.0899994, -0.0139855, -0.053003, 0.186999, 0.0659962, 
0.0469712, 0.0850146, -0.0899994, -0.0139855, -0.053003, 0.186999, 0.0659962, 
0.0469712, 0.0850146, -0.0899994, -0.0139855, -0.053003, 0.186999, 0.0659962, 
0.0176346, 0.0850146, -0.0899994, -0.0139855, -0.053003, 0.186999, 0.0659962, 
0.0176346, 0.0850146, -0.0899994, -0.0139855, -0.053003, 0.186999, 0.0659962, 
0.000394805, 0.0850146, -0.0899994, -0.0139855, -0.053003, 0.186999, 0.0659962, 
-0.018998, 0.0850094, -0.0899994, -0.0139855, -0.053003, 0.186999, 0.0659962, 
-0.0537882, 0.0850094, -0.0899994, -0.0139855, -0.053003, 0.186999, 0.0659962, 
-0.0576941, 0.0850094, -0.0899994, -0.0139855, -0.053003, 0.186999, 0.0659962, 
-0.0576941, 0.0850094, -0.0899994, -0.0139855, -0.053003, 0.186999, 0.0659962, 
-0.0806928, 0.0850094, -0.0899994, -0.0139855, -0.053003, 0.186999, 0.0659962, 
-0.0806928, 0.0850094, -0.0899994, -0.0139855, -0.053003, 0.186999, 0.0659962, 
-0.0806928, 0.0850094, -0.0899994, -0.0139855, -0.053003, 0.186999, 0.0659962, 
-0.097901, 0.0850094, -0.0899994, -0.0139905, -0.053003, 0.186999, 0.0659962, 
-0.105418, 0.0850094, -0.0899994, -0.0139905, -0.053003, 0.186999, 0.0659962, 
-0.112356, 0.0850094, -0.0899994, -0.0139905, -0.053003, 0.186999, 0.0659962, 
-0.11911, 0.0850094, -0.0899994, -0.0139905, -0.053003, 0.186999, 0.0659962, 
-0.134755, 0.0850041, -0.0899994, -0.0139905, -0.053003, 0.186999, 0.0659962, 
-0.160106, 0.0850041, -0.0899994, -0.0139905, -0.053003, 0.186999, 0.0659962, 
-0.163997, 0.0850041, -0.0899994, -0.0139905, -0.053003, 0.186999, 0.0659962, 
-0.175635, 0.0850041, -0.0899994, -0.0139905, -0.053003, 0.186999, 0.0659962, 
-0.175635, 0.0850041, -0.0899994, -0.0139905, -0.053003, 0.186999, 0.0659962, 
-0.180605, 0.0850041, -0.0899994, -0.0139905, -0.053003, 0.186999, 0.0659962, 
-0.18959, 0.0850041, -0.0899994, -0.0139905, -0.053003, 0.186999, 0.0659962, 
-0.197502, 0.0850041, -0.0899994, -0.0139956, -0.053003, 0.186999, 0.0659962, 
-0.202914, 0.0850041, -0.0899994, -0.0139956, -0.053003, 0.186999, 0.0659962, 
-0.202914, 0.0850041, -0.0899994, -0.0139956, -0.053003, 0.186999, 0.0659962, 
-0.205735, 0.0849988, -0.0899994, -0.0139956, -0.053003, 0.186999, 0.0659962, 
-0.205735, 0.0849988, -0.0899994, -0.0139956, -0.053003, 0.186999, 0.0659962, 
-0.211721, 0.0849988, -0.0899994, -0.0139956, -0.053003, 0.186999, 0.0659962, 
-0.214679, 0.0849988, -0.0899994, -0.0139956, -0.053003, 0.186999, 0.0659962, 
-0.21799, 0.0849988, -0.0899994, -0.0139956, -0.053003, 0.186999, 0.0659962, 
-0.21799, 0.0849988, -0.0899994, -0.0139956, -0.053003, 0.186999, 0.0659962, 
-0.221691, 0.0849988, -0.0899994, -0.0139956, -0.053003, 0.186999, 0.0659962, 
-0.225033, 0.0849988, -0.0899994, -0.0139956, -0.053003, 0.186999, 0.0659962, 
-0.228787, 0.0849988, -0.0899994, -0.0139956, -0.053003, 0.186999, 0.0659962, 
-0.240278, 0.0849988, -0.0899994, -0.0139956, -0.053003, 0.186999, 0.0659962, 
-0.244937, 0.0849988, -0.0899994, -0.0139956, -0.053003, 0.186999, 0.0659962, 
-0.265546, 0.0849988, -0.0899994, -0.0139956, -0.053003, 0.186999, 0.0659962, 
-0.26842, 0.0849988, -0.0899994, -0.0139956, -0.053003, 0.186999, 0.0659962, 
-0.274405, 0.0849988, -0.0899994, -0.0139956, -0.053003, 0.186999, 0.0659962, 
-0.274405, 0.0849988, -0.0899994, -0.0139956, -0.053003, 0.186999, 0.0659962, 
-0.30251, 0.0849936, -0.0899994, -0.0139956, -0.053003, 0.186999, 0.0659962, 
-0.319271, 0.0849936, -0.0899994, -0.0140006, -0.053003, 0.186999, 0.0659962, 
-0.323208, 0.0849936, -0.0899994, -0.0140006, -0.053003, 0.186999, 0.0659962, 
-0.343996, 0.0849936, -0.0899994, -0.0140006, -0.053003, 0.186999, 0.0659962, 
-0.362246, 0.0849936, -0.0899994, -0.0140006, -0.053003, 0.186999, 0.0659962, 
-0.365073, 0.0849936, -0.0899994, -0.0140006, -0.053003, 0.186999, 0.0659962, 
-0.367337, 0.0849936, -0.0899994, -0.0140006, -0.053003, 0.186999, 0.0659962, 
-0.369806, 0.0849936, -0.0899994, -0.0140006, -0.053003, 0.186999, 0.0659962, 
-0.388204, 0.0849883, -0.0899994, -0.0140006, -0.053003, 0.186999, 0.0659962, 
-0.399369, 0.0849883, -0.0899994, -0.0140006, -0.053003, 0.186999, 0.0659962, 
-0.401085, 0.0849883, -0.0899994, -0.0140006, -0.053003, 0.186999, 0.0659962, 
-0.409907, 0.0849883, -0.0899994, -0.0140006, -0.053003, 0.186999, 0.0659962, 
-0.412645, 0.0849883, -0.0899994, -0.0140056, -0.053003, 0.186999, 0.0659962, 
-0.422062, 0.0849883, -0.0899994, -0.0140056, -0.053003, 0.186999, 0.0659962, 
-0.425057, 0.0849883, -0.0899994, -0.0140056, -0.053003, 0.186999, 0.0659962, 
-0.426458, 0.0849883, -0.0899994, -0.0140056, -0.053003, 0.186999, 0.0659962, 
-0.427663, 0.0849883, -0.0899994, -0.0140056, -0.0529973, 0.186999, 0.0659962, 
-0.432137, 0.0849883, -0.0899994, -0.0140056, -0.0529973, 0.186999, 0.0659962, 
-0.434764, 0.0849883, -0.0899994, -0.0140056, -0.0529973, 0.186999, 0.0659962, 
-0.445392, 0.0849883, -0.0899994, -0.0140056, -0.0529973, 0.186999, 0.0659962, 
-0.450878, 0.0849883, -0.0899994, -0.0140056, -0.0529973, 0.186999, 0.0659962, 
-0.455062, 0.0849883, -0.0899994, -0.0140056, -0.0529973, 0.186999, 0.0659962, 
-0.463401, 0.0849883, -0.0899994, -0.0140056, -0.0529973, 0.186999, 0.0659962, 
-0.463401, 0.0849883, -0.0899994, -0.0140056, -0.0529973, 0.186999, 0.0659962, 
-0.471402, 0.0849883, -0.0899994, -0.0140056, -0.0529973, 0.186999, 0.0659962, 
-0.47924, 0.0849883, -0.0899994, -0.0140056, -0.0529973, 0.186999, 0.0659962, 
-0.47924, 0.0849883, -0.0899994, -0.0140056, -0.0529973, 0.186999, 0.0659962, 
-0.481472, 0.0849883, -0.0899994, -0.0140056, -0.0529973, 0.186999, 0.0659962, 
-0.491606, 0.084983, -0.0899994, -0.0140056, -0.0529973, 0.186999, 0.0659962, 
-0.495206, 0.084983, -0.0899994, -0.0140056, -0.0529973, 0.186999, 0.0659962, 
-0.495896, 0.084983, -0.0899994, -0.0140056, -0.0529973, 0.186999, 0.0659962, 
-0.498981, 0.084983, -0.0899994, -0.0140056, -0.0529973, 0.186999, 0.0659962, 
-0.499696, 0.084983, -0.0899994, -0.0140056, -0.0529973, 0.186999, 0.0659962, 
-0.500544, 0.084983, -0.0899994, -0.0140056, -0.0529973, 0.186999, 0.0659962, 
-0.500576, 0.084983, -0.0899994, -0.0140106, -0.0529973, 0.186999, 0.0659962, 
-0.500597, 0.084983, -0.0899994, -0.0140106, -0.0529973, 0.186999, 0.0659962, 
-0.500602, 0.084983, -0.0899994, -0.0140106, -0.0529973, 0.186999, 0.0659962, 
-0.500602, 0.084983, -0.0899994, -0.0140106, -0.0529973, 0.186999, 0.0659962, 
-0.500602, 0.084983, -0.0899994, -0.0140106, -0.0529973, 0.186999, 0.0659962, 
