1.02713, 0, 0, 0, 0, 0, 0, 
0.327979, 0, 0, 0, 0, 0, 0, 
0, 0, 0, 0, 0, 0, 0, 
0.911526, 0, 0, 0, 0, 0, 0, 
0.494278, 0, 0, 0, 0, 0, 0, 
1.01232, 0, 0, 0, 0, 0, 0, 
1.39754, 0, 0, 0, 0, 0, 0, 
0.463794, 0, 0, 0, 0, 0, 0, 
0.961473, 0, 0, 0, 0, 0, 0, 
0, 0, 0, 0, 0, 0, 0, 
2.27882, 0, 0, 0, 0, 0, 0, 
0.459743, 0, 0, 0, 0, 0, 0, 
0.832263, 0, 0, 0, 0, 0, 0, 
0.516084, 0, 0, 0, 0, 0, 0, 
0.205627, 0, 0, 0, 0, 0, 0, 
0.511075, 0, 0, 0, 0, 0, 0, 
0.513567, 0, 0, 0, 0, 0, 0, 
1.01721, 0, 0, 0, 0, 0, 0, 
0.516084, 0, 0, 0, 0, 0, 0, 
0.511074, 0, 0, 0, 0, 0, 0, 
2.33958, 0, 0, 0, 0, 0, 0, 
0, 0, 0, 0, 0, 0, 0, 
1.51848, 0, 0, 0, 0, 0, 0, 
0.472114, 0, 0, 0, 0, 0, 0, 
1.41634, 0, 0, 0, 0, 0, 0, 
0, 0, 0, 0, 0, 0, 0, 
-1.53322, 0, 0, 0, 0, 0, 0, 
0, 0, 0, 0, 0, 0, 0, 
-0.86296, 0, 0, 0, 0, 0, 0, 
-1.48983, 0, 0, 0, 0, 0, 0, 
-0.421126, 0, 0, 0, 0, 0, 0, 
-1.01721, 0, 0, 0, 0, 0, 0, 
-1.93177, 0, 0, 0, 0, 0, 0, 
0, 0, 0, 0, 0, 0, 0, 
0.518628, 0, 0, 0, 0, 0, 0, 
2.05427, 0, 0, 0, 0, 0, 0, 
0.498963, 0, 0, 0, 0, 0, 0, 
1.54825, 0, 0, 0, 0, 0, 0, 
0.470007, 0, 0, 0, 0, 0, 0, 
0, 0, 0, 0, 0, 0, 0, 
0, 0, 0, 0, 0, 0, 0, 
-0.513568, 0, 0, 0, 0, 0, 0, 
-0.365561, 0, 0, 0, 0, 0, 0, 
-1.03217, 0, 0, 0, 0, 0, 0, 
-1.53322, 0, 0, 0, 0, 0, 0, 
-1.40375, 0.467917, 0, 0, 0, 0, 0, 
-0.243144, 0, 0, 0, 0, 0, 0, 
0, 0, 0, 0, 0, 0, 0, 
0, -0.470006, 0, 0, 0, 0, 0, 
-1.04758, 0, 0, 0, 0, 0, 0, 
0, 0, 0, 0, 0, 0, 0, 
-0.988556, 0, 0, 0, 0, 0, 0, 
-0.516085, 0, 0, 0, 0, 0, 0, 
-1.53322, 0, 0, 0, 0, 0, 0, 
0, 0, 0, 0, 0, 0, 0, 
-1.57136, 0, 0, 0, 0, 0, 0, 
-1.72592, 0, 0, 0, 0, 0, 0, 
0, 0, 0, 0, 0, 0, 0, 
-1.04757, 0, 0, 0, 0, 0, 0, 
-1.57136, 0, 0, 0, 0, 0, 0, 
-1.37323, 0, 0, 0, 0, 0, 0, 
0, 0, 0, 0, 0, 0, 0, 
0.422816, 0, 0, 0, 0, 0, 0, 
0.518627, 0, 0, 0, 0, 0, 0, 
1.96787, 0, 0, 0, 0, 0, 0, 
0, 0, 0, 0, 0, 0, 0, 
2.0443, 0, 0, 0, 0, 0, 0, 
0, 0, 0, 0, 0, 0, 0, 
0, 0, 0, 0, 0, 0, 0, 
0, 0, 0, 0, 0, 0, 0, 
-1.03217, 0, 0, 0, 0, 0, 0, 
0, 0, 0, 0, 0, 0, 0, 
-0.919487, 0, 0, 0, 0, 0, 0, 
-0.983937, 0, 0, 0, 0, 0, 0, 
0, 0, 0, 0, 0, 0, 0, 
0, 0, 0, 0, 0, 0, 0, 
-0.526407, 0, 0, 0, 0, 0, 0, 
-0.508605, 0, 0, 0, 0, 0, 0, 
-1.08912, 0, 0, 0, 0, 0, 0, 
0, 0, 0, 0, 0, 0, 0, 
-0.993219, 0, 0, 0, 0, 0, 0, 
-0.330035, 0, 0, 0, 0, 0, 0, 
0, 0, 0, 0, 0, 0, 0, 
0, 0, 0, 0, 0, 0, 0, 
0, 0, 0, 0, 0, 0, 0, 
-0.511074, 0, 0, 0, 0, 0, 0, 
0, 0, 0, 0, 0, 0, 0, 
0, 0, 0, 0, 0, 0, 0, 
0, 0, 0, 0, 0, 0, 0, 
0, 0, 0, 0, 0, 0, 0, 
0, 0, 0, 0, 0, 0, 0, 
0, 0, 0, 0, 0, 0, 0, 
0, 0, 0, 0, 0, 0, 0, 
-0.50616, 0, 0, 0, 0, 0, 0, 
0, 0, 0, 0, 0, 0, 0, 
0, 0, 0, 0, 0, 0, 0, 
0.457745, 0, 0, 0, 0, 0, 0, 
-0.89984, 0, 0, 0, 0, 0, 0, 
0, 0, 0, 0, 0, 0, 0, 
-0.442358, 0, 0, 0, 0, 0, 0, 
0, 0, 0, 0, 0, 0, 0, 
-0.403376, 0, 0, 0, 0, 0, 0, 
-0.92352, 0, 0, 0, 0, 0, 0, 
0, 0, 0, 0, 0, 0, 0, 
-1.29977, 0, 0, 0, 0, 0, 0, 
-0.521194, 0, 0, 0, 0, 0, 0, 
0, 0, 0, 0, 0, 0, 0, 
-3.12717, 0, 0, 0, 0, 0, 0, 
-0.453799, 0, 0, 0, 0, 0, 0, 
0, 0, 0, 0, 0, 0, 0, 
-0.489681, 0, 0, 0, 0, 0, 0, 
0, 0, 0, 0, 0, 0, 0, 
0, 0, 0, 0, 0, 0, 0, 
1.04758, 0, 0, -0.499674, 0, 0, 0, 
0.940011, 0, 0, 0.448369, 0, 0, 0, 
0, 0, 0, 0, 0, 0, 0, 
2.4484, 0, 0, 0, 0, 0, 0, 
0.50616, 0, 0, 0, 0, 0, 0, 
0.931692, 0, 0, 0, 0, 0, 0, 
1.51121, 0, 0, 0, 0, 0, 0, 
0.508605, 0, 0, 0, 0, 0, 0, 
0.485167, 0, 0, 0, 0, 0, 0, 
0.451851, 0, 0, 0, 0, 0, 0, 
0, 0, 0, 0, 0, 0, 0, 
0, 0, 0, 0, 0, 0, 0, 
0, 0, 0, 0, 0, 0, 0, 
-0.518627, 0, 0, 0, 0, 0, 0, 
-3.61259, 0, 0, 0, 0, 0, 0, 
-0.919487, 0, 0, 0, 0, 0, 0, 
-0.997926, 0, 0, -0.475993, 0, 0, 0, 
-0.521195, 0, 0, 0.497201, 0, 0, 0, 
-1.05281, 0, 0, 0, 0, 0, 0, 
-0.970335, 0, 0, -0.462832, 0, 0, 0, 
-0.521194, 0, 0, 0, 0, 0, 0, 
0, 0, 0, 0.499674, 0, 0, 0, 
-2.02464, 0, 0, 0, 0, -0.437792, 0, 
0, 0, 0, 0, 0, 0.387163, 0, 
-0.89601, 0, 0, 0, 0, 0, 0, 
-1.03725, 0, 0, 0, 0, 0, 0, 
0, 0, 0, 0, 0, 0, 0, 
-0.974827, 0, 0, 0, 0, 0, 0, 
0.506161, 0, 0, 0, 0, 0, 0, 
0, 0, 0, 0, 0, 0, 0, 
0.359321, 0, 0, 0, 0, 0, 0, 
0.438672, 0, 0, 0, 0, 0, 0, 
2.05427, 0, 0, 0, 0, 0, 0, 
0.501339, 0, 0, 0, 0, 0, 0, 
1.01232, 0, 0, 0, 0, 0, 0, 
0, 0, 0, 0, 0, 0, 0, 
0, 0, 0, 0, 0, 0, 0, 
0.993219, 0, 0, 0, 0, 0, 0, 
0, 0, 0, 0, 0, 0, 0, 
0, 0, 0, 0, 0, 0, 0, 
-0.465846, 0, 0, 0, 0, 0, 0, 
0, 0, 0, 0, 0, 0, 0, 
-1.05281, 0, 0, 0, 0, 0, 0, 
-0.380076, 0, 0, 0, 0, 0, 0, 
-1.51848, 0, 0, 0, 0, 0, 0, 
0, 0, 0, 0, 0, 0, 0, 
-2.01495, 0, 0, 0, 0, 0, 0, 
0, 0, 0, 0, 0, 0, 0, 
-0.331074, 0, 0, 0, 0, 0, 0, 
-3.03696, 0, 0, 0, 0, 0, 0, 
-0.494276, 0, 0, 0, 0, 0, 0, 
0, 0, 0, 0, 0, 0, 0, 
-0.523788, 0, 0, 0, 0, 0, 0, 
0.498963, 0, 0, 0, 0, 0, 0, 
1.79202, 0, 0, 0, 0, 0, 0, 
0, 0, 0, 0, 0, 0, 0, 
1.56358, 0, 0, 0, 0, 0, 0, 
0, 0, 0, 0, 0, 0, 0, 
0.455763, 0, 0, 0, 0, 0, 0, 
1.34976, 0, 0, 0, 0, 0, 0, 
1.03725, 0, 0, 0, 0, 0, 0, 
0, 0, 0, 0, 0, 0, 0, 
0.27926, 0, 0, 0, 0, 0, 0, 
1.30514, 0, 0, 0, 0, 0, 0, 
1.55588, 0, 0, 0, 0, 0, 0, 
0, 0, 0, 0, 0, 0, 0, 
0.859439, 0, 0, 0, 0, 0, 0, 
-0.935833, 0, 0, 0, 0, 0, 0, 
-0.521195, 0, 0, 0, 0, 0, 0, 
-0.685871, 0, 0, 0, 0, 0, 0, 
-1.01721, 0, 0, 0, 0, 0, 0, 
-0.440507, 0, 0, 0, 0, 0, 0, 
-0.271343, 0, 0, 0, 0, 0, 0, 
0, 0, 0, -0.434782, 0, 0, 0, 
-0.494279, 0, 0, 0.471524, 0, 0, 0, 
-0.523787, 0, 0, 0, 0, 0, 0, 
-0.491968, 0, 0, 0, 0, 0, 0, 
0, 0, 0, 0, 0, 0, 0, 
-0.294082, 0, 0, 0, 0, 0, 0, 
0, 0, 0, 0, 0, 0, 0, 
-1.89696, 0, 0, 0, 0, 0, 0, 
0, 0, 0, 0, 0, 0, 0, 
-0.957103, 0, 0, 0, 0, 0, 0, 
1.02713, 0, 0, 0, 0, 0, 0, 
0, 0, 0, 0, 0, 0, 0, 
1.85518, 0, 0, 0, 0, 0, 0, 
0.265862, 0, 0, 0, 0, 0, 0, 
2.4484, 0, 0, 0, 0, 0, 0, 
0, 0, 0, 0, 0, 0, 0, 
0.521195, 0, 0, 0, 0, 0, 0, 
0.480736, 0, 0, 0, 0, 0, 0, 
0.269261, 0, 0, 0, 0, 0, 0, 
1.00748, 0, 0, 0, 0, 0, 0, 
0, 0, 0, 0, 0, 0, 0, 
0, 0, 0, 0, 0, 0, 0, 
0.446107, 0, 0, 0, 0, 0, 0, 
0.226411, 0, 0, 0, 0, 0, 0, 
0, 0, 0, 0, 0, 0, 0, 
0.961473, 0, 0, 0, 0, 0, 0, 
0, 0, 0, 0, 0, 0, 0, 
0.498963, 0, 0, 0, 0, 0, 0, 
-0.470006, 0, 0, 0, 0, 0, 0, 
-0.511074, 0, 0, 0, 0, 0, 0, 
-0.961473, 0, 0, 0, 0, 0, 0, 
0, 0, 0, 0, 0, 0, 0, 
-0.436851, 0, 0, 0, 0, 0, 0, 
0, 0, 0, 0, 0, 0, 0, 
0, 0, 0, 0, 0, 0, 0, 
-0.788624, 0, 0, 0, 0, 0, 0, 
0, 0, 0, 0, 0, 0, 0, 
-0.451851, 0, 0, 0, 0, 0, 0, 
0, 0, 0, 0, 0, 0, 0, 
-0.0662146, 0, 0, 0, 0, 0, 0, 
0, 0, 0, 0, 0, 0, 0, 
-0.849043, 0, 0, 0, 0, 0, 0, 
0, 0, 0, 0, 0, 0, 0, 
0, 0, 0, 0, 0, 0, 0, 
-0.974826, 0, 0, 0, 0, 0, 0, 
-0.957102, 0, 0, 0, 0, 0, 0, 
0, 0, 0, 0, 0, 0, 0, 
0, 0, 0, 0, 0, 0, 0, 
0, 0, 0, 0, 0, 0, 0, 
1.01232, 0, 0, 0, 0, 0, 0, 
0.459744, 0, 0, 0, 0, 0, 0, 
0, 0, 0, 0, 0, 0, 0, 
0, 0, 0, 0, 0, 0, 0, 
0, 0, 0, 0, 0, 0, 0, 
0.757419, 0, 0, 0, 0, 0, 0, 
0.424522, 0, 0, 0, 0, 0, 0, 
0, 0, 0, 0, 0, 0, 0, 
0, 0, 0, 0, 0, 0, 0, 
0, 0, 0, 0, 0, 0, 0, 
0.716198, 0, 0, 0, 0, 0, 0, 
0, 0, 0, 0, 0, 0, 0, 
0.240368, 0, 0, 0, 0, 0, 0, 
0, 0, 0, 0, 0, 0, 0, 
1.04757, 0, 0, 0, 0, 0, 0, 
0.39138, 0, 0, 0, 0, 0, 0, 
0.28075, 0, 0, 0, 0, 0, 0, 
0, 0, 0, 0, 0, 0, 0, 
0.491968, 0, 0, 0, 0, 0, 0, 
0.485167, 0, 0, 0, 0, 0, 0, 
0, 0, 0, 0, 0, 0, 0, 
0.472113, 0, 0, 0, 0, 0, 0, 
0.518627, 0, 0, 0, 0, 0, 0, 
0.302532, 0, 0, 0, 0, 0, 0, 
0, 0, 0, 0, 0, 0, 0, 
0.979361, 0, 0, 0, 0, 0, 0, 
0, 0, 0, 0, 0, 0, 0, 
0, 0, 0, 0, 0, 0, 0, 
0.0853171, 0, 0, 0, 0, 0, 0, 
0.979361, 0, 0, 0, 0, 0, 0, 
0, 0, 0, 0, 0, 0, 0, 
0.518627, 0, 0, 0, 0, 0, 0, 
0, 0, 0, 0, 0, 0, 0, 
0.482942, 0, 0, 0, 0, 0, 0, 
0, 0, 0, 0, 0, 0, 0, 
0, 0, 0, 0, 0, 0, 0, 
0, 0, 0, 0, 0, 0, 0, 
0.508605, 0, 0, 0, 0, 0, 0, 
0, 0, 0, 0, 0, 0, 0, 
0.380077, 0, 0, 0, 0, 0, 0, 
0.993219, 0, 0, 0, 0, 0, 0, 
0.521194, 0, 0, 0, 0, 0, 0, 
0.356886, 0, 0, 0, 0, 0, 0, 
0.511074, 0, 0, 0, 0, 0, 0, 
-0.293263, 0, 0, 0, 0, 0, 0, 
0, 0, 0, 0, 0, 0, 0, 
-0.952772, 0, 0, 0, 0, 0, 0, 
-1.04757, 0, 0, 0, 0, 0, 0, 
-0.516085, 0, 0, 0, 0, 0, 0, 
0, 0, 0, 0, 0, 0, 0, 
-0.48968, 0, 0, 0, 0, 0, 0, 
0, 0, 0, 0, 0, 0, 0, 
0, 0, 0, 0, 0, 0, 0, 
0, 0, 0, 0, 0, 0, 0, 
0, 0, 0, 0, 0, 0, 0, 
0, 0, 0, 0, 0, 0, 0, 
0, 0, 0, 0, 0, 0, 0, 
0, 0, 0, 0, 0, 0, 0, 
0, 0, 0, 0, 0, 0, 0, 
0, 0, 0, 0, 0, 0, 0, 
0, 0, 0, 0, 0, 0, 0, 
0, 0, 0, 0, 0, 0, 0, 
0, 0, 0, 0, 0, 0, 0, 
0, 0, 0, 0, 0, 0, 0, 
0, 0, 0, 0, 0, 0, 0, 
0, 0, 0, 0, 0, 0, 0, 
0, 0, 0, 0, 0, 0, 0, 
0, 0, 0, 0, 0, 0, 0, 
0, 0, 0, 0, 0, 0, 0, 
0, 0, 0, 0, 0, 0, 0, 
0, 0, 0, 0, 0, 0, 0, 
0, 0, 0, 0, 0, 0, 0, 
0, 0, 0, 0, 0, 0, 0, 
0, 0, 0, 0, 0, 0, 0, 
0, 0, 0, 0, 0, 0, 0, 
0, 0, 0, 0, 0, 0, 0, 
0, 0, 0, 0, 0, 0, 0, 
0, 0, 0, 0, 0, 0, 0, 
0, 0, 0, 0, 0, 0, 0, 
0, 0, 0, 0, 0, 0, 0, 
0, 0, 0, 0, 0, 0, 0, 
0, 0, 0, 0, 0, 0, 0, 
0, 0, 0, 0, 0, 0, 0, 
0, 0, 0, 0, 0, 0, 0, 
0, 0, 0, 0, 0, 0, 0, 
0, 0, 0, 0, 0, 0, 0, 
1.04757, 0, 0, 0, 0, 0, 0, 
0, 0, 0, 0, 0, 0, 0, 
1.42916, 0, 0, 0, 0, 0, 0, 
0.498963, 0, 0, 0, 0, 0, 0, 
0.482942, 0, 0, 0, 0, 0, 0, 
0.508605, 0, 0, 0, 0, 0, 0, 
1.50402, 0, 0, 0, 0, 0, 0, 
0, 0, 0, 0, 0, 0, 0, 
0.881014, 0, 0, 0, 0, 0, 0, 
0.513567, 0, 0, 0, 0, 0, 0, 
0.961473, 0, 0, 0, 0, 0, 0, 
0, 0, 0, 0, 0, 0, 0, 
0, 0, 0, 0, 0, 0, 0, 
0, 0, 0, 0, 0, 0, 0, 
0, 0, 0, 0, 0, 0, 0, 
0, 0, 0, 0, 0, 0, 0, 
0, 0, 0, 0, 0, 0, 0, 
0, 0, 0, 0, 0, 0, 0, 
0, 0, 0, 0, 0, 0, 0, 
2.4484, 0, 0, 0, 0, 0, 0, 
1.4555, 0, 0, 0, 0, 0, 0, 
0, 0, 0, 0, 0, 0, 0, 
0.506159, 0, 0, 0, 0, 0, 0, 
-0.46176, 0, 0, 0, 0, 0, 0, 
0, 0, 0, 0, 0, 0, 0, 
0, 0, 0, 0, 0, 0, 0, 
-0.332117, 0, 0, 0, 0, 0, 0, 
-1.46224, 0, 0, 0, 0, 0, 0, 
0, 0, 0, 0, 0, 0, 0, 
0, 0, 0, 0, 0, 0, 0, 
-0.526407, 0, 0, 0, 0, 0, 0, 
-1.00748, 0, 0, 0, 0, 0, 0, 
-0.446107, 0, 0, 0, 0, 0, 0, 
-0.269262, 0, 0, 0, 0, 0, 0, 
-0.491968, 0, 0, 0, 0, 0, 0, 
0, 0, 0, 0, 0, 0, 0, 
-0.498964, 0, 0, 0, 0, 0, 0, 
-0.50134, 0, 0, 0, 0, 0, 0, 
-0.511074, 0, 0, 0, 0, 0, 0, 
-0.89984, 0, 0, 0, 0, 0, 0, 
0, 0, 0, 0, 0, 0, 0, 
0, 0, 0, 0, 0, 0, 0, 
0, 0, 0, 0, 0, 0, 0, 
-2.3712, 0, 0, 0, 0, 0, 0, 
0, 0, 0, 0, 0, 0, 0, 
0.478551, 0, 0, 0, 0, 0, 0, 
0.230375, 0, 0, 0, 0, 0, 0, 
0.749333, 0, 0, 0, 0, 0, 0, 
0, 0, 0, 0, 0, 0, 0, 
0.457744, 0, 0, 0, 0, 0, 0, 
0.463794, 0, 0, 0, 0, 0, 0, 
1.53322, 0, 0, 0, 0, 0, 0, 
0.50616, 0, 0, 0, 0, 0, 0, 
0.485167, 0, 0, 0, 0, 0, 0, 
0.0759606, 0, 0, 0, 0, 0, 0, 
1.79968, 0, 0, 0, 0, 0, 0, 
0.453798, 0, 0, 0, 0, 0, 0, 
0.478551, 0, 0, 0, 0, 0, 0, 
1.03217, 0, 0, 0, 0, 0, 0, 
1.02713, 0, 0, 0, 0, 0, 0, 
0, 0, 0, 0, 0, 0, 0, 
0, 0, 0, 0, 0, 0, 0, 
1.51848, 0, 0, 0, 0, 0, 0, 
0.262547, 0, 0, 0, 0, 0, 0, 
0, 0, 0, 0, 0, 0, 0, 
1.00748, 0, 0, 0, 0, 0, 0, 
-1.53322, 0, 0, 0, 0, 0, 0, 
-0.919488, 0, 0, 0, 0, 0, 0, 
0, 0, 0, 0, 0, 0, 0, 
-0.440507, 0, 0, 0, 0, 0, 0, 
0, 0, 0, 0, 0, 0, 0, 
-2.48305, 0, 0, 0, 0, 0, 0, 
-0.453798, 0, 0, 0, 0, 0, 0, 
-1.54825, 0, 0, 0, 0, 0, 0, 
0, 0, 0, 0, 0, 0, 0, 
1.55588, 0, 0, 0, 0, 0, 0, 
0, 0, 0, 0, 0, 0, 0, 
0.884716, 0, 0, 0, 0, 0, 0, 
0.491969, 0, 0, 0, 0, 0, 0, 
2.55537, 0, 0, 0, 0, 0, 0, 
0, 0, 0, 0, 0, 0, 0, 
0.838895, 0, 0, 0, 0, 0, 0, 
0.832263, 0, 0, 0, 0, 0, 0, 
1.51121, 0, 0, 0, 0, 0, 0, 
-0.277057, 0, 0, 0, 0, 0, 0, 
1.56358, 0, 0, 0, 0, 0, 0, 
-0.523788, 0, 0, 0, 0, 0, 0, 
-1.03217, 0, 0, 0, 0, 0, 0, 
-0.506159, 0, 0, 0, 0, 0, 0, 
-0.516084, 0, 0, 0, 0, 0, 0, 
-0.521195, 0, 0, 0, 0, 0, 0, 
-0.36556, 0, 0, 0, 0, 0, 0, 
-2.54303, 0, 0, 0, 0, 0, 0, 
-1.02215, 0, 0, 0, 0, 0, 0, 
-1.90554, 0, 0, 0, 0, 0, 0, 
-0.506159, 0, 0, 0, 0, 0, 0, 
-0.482941, 0, 0, 0, 0, 0, 0, 
-2.02464, 0, 0, 0, 0, 0, 0, 
0, 0, 0, 0, 0, 0, 0, 
0, 0, 0, 0, 0, 0, 0, 
-3.05163, 0, 0, 0, 0, 0, 0, 
0, 0, 0, 0, 0, 0, 0, 
1.57136, 0, 0, 0, 0, 0, 0, 
0.974826, 0, 0, 0, 0, 0, 0, 
0.459744, 0, 0, 0, 0, 0, 0, 
1.53322, 0, 0, 0, 0, 0, 0, 
0, 0, 0, 0, 0, 0, 0, 
1.04757, 0, 0, 0, 0, 0, 0, 
0.33529, 0, 0, 0, 0, 0, 0, 
0.997927, 0, 0, 0, 0, 0, 0, 
0, 0, 0, 0, 0, 0, 0, 
1.01721, 0, 0, 0, 0, 0, 0, 
2.1312, 0, 0, 0, 0, 0, 0, 
1.02713, 0, 0, 0, 0, 0, 0, 
-0.523787, 0, 0, 0, 0, 0, 0, 
-0.862962, 0, 0, 0, 0, 0, 0, 
0, 0, 0, 0, 0, 0, 0, 
-1.51848, 0, 0, 0, 0, 0, 0, 
0, 0, 0, 0, 0, 0, 0, 
-1.05281, 0, 0, 0, 0, 0, 0, 
-0.36556, 0, 0, 0, 0, 0, 0, 
-1.51848, 0, 0, 0, 0, 0, 0, 
-0.915489, 0, 0, 0, 0, 0, 0, 
-1.53322, 0, 0, 0, 0, 0, 0, 
0, 0, 0, 0, 0, 0, 0, 
0.970334, 0, 0, 0, 0, 0, 0, 
1.01232, 0, 0, 0, 0, 0, 0, 
1.50402, 0, 0, 0, 0, 0, 0, 
0.308742, 0, 0, 0, 0, 0, 0, 
0.508605, 0, 0, 0, 0, 0, 0, 
0.409655, 0, 0, 0, 0, 0, 0, 
0, 0, 0, 0, 0, 0, 0, 
-2.3712, 0, 0, 0, 0, 0, 0, 
-0.94848, 0, 0, 0, 0, 0, 0, 
-0.523788, 0, 0, 0, 0, 0, 0, 
0, 0, 0, 0, 0, 0, 0, 
0, 0, 0, 0, 0, 0, 0, 
-0.957102, 0, 0, 0, 0, 0, 0, 
-1.52582, 0, 0, 0, 0, 0, 0, 
-0.521195, 0, 0, 0, 0, 0, 0, 
-0.485167, 0, 0, 0, 0, 0, 0, 
-0.513567, 0, 0, 0, 0, 0, 0, 
-0.523787, 0, 0, 0, 0, 0, 0, 
0, 0, 0, 0, 0, 0, 0, 
-0.785681, 0, 0, 0, 0, 0, 0, 
0, 0, 0, 0, 0, 0, 0, 
-2.03442, 0, 0, 0, 0, 0, 0, 
0, 0, 0, 0, 0, 0, 0, 
-0.513567, 0, 0, 0, 0, 0, 0, 
0, 0, 0, 0, 0, 0, 0, 
0, 0, 0, 0, 0, 0, 0, 
0, 0, 0, 0, 0, 0, 0, 
0, 0, 0, 0, 0, 0, 0, 
0, 0, 0, 0, 0, 0, 0, 
0, 0, 0, 0, 0, 0, 0, 
0, 0, 0, 0, 0, 0, 0, 
-0.508605, 0, 0, 0, 0, 0, 0, 
0, 0, 0, 0, 0, 0, 0, 
0, 0, 0, 0, 0, 0, 0, 
-4.73766, 0, 0, 0, 0, 0, 0, 
-1.51121, 0, 0, 0, 0, 0, 0, 
-1.03725, 0, 0, 0, 0, 0, 0, 
-0.470005, 0, 0, 0, 0, 0, 0, 
0, 0, 0, 0, 0, 0, 0, 
2.61894, 0, 0, 0, 0, 0, 0, 
0.518627, 0, 0, 0, 0, 0, 0, 
0.983937, 0, 0, 0, 0, 0, 0, 
0, 0, 0, 0, 0, 0, 0, 
1.97711, 0, 0, 0, 0, 0, 0, 
0.50616, 0, 0, 0, 0, 0, 0, 
0, 0, 0, 0, 0, 0, 0, 
1.02713, 0, 0, 0, 0, 0, 0, 
0.511074, 0, 0, 0, 0, 0, 0, 
0, 0, 0, 0, 0, 0, 0, 
0, 0, 0, 0, 0, 0, 0, 
0, 0, 0, 0, 0, 0, 0, 
0, 0, 0, 0, 0, 0, 0, 
0, 0, 0, 0, 0, 0, 0, 
0, 0, 0, 0, 0, 0, 0, 
0, 0, 0, 0, 0, 0, 0, 
0, 0, 0, 0, 0, 0, 0, 
0, 0, 0, 0, 0, 0, 0, 
0, 0, 0, 0, 0, 0, 0, 
-3.02243, 0, 0, 0, 0, 0, 0, 
-1.7769, 0, 0, 0, 0, 0, 0, 
-0.498964, 0, 0, 0, 0, 0, 0, 
-1.54825, 0, 0, 0, 0, 0, 0, 
-1.39138, 0, 0, 0, 0, 0, 0, 
-0.283777, 0, 0, 0, 0, 0, 0, 
-0.86296, 0, 0, 0, 0, 0, 0, 
0, 0, 0, 0, 0, 0, 0, 
-3.15844, 0, 0, 0, 0, 0, 0, 
0, 0, 0, 0, 0, 0, 0, 
-0.859439, 0, 0, 0, 0, 0, 0, 
-1.03217, 0, 0, 0, 0, 0, 0, 
0.935834, 0, 0, 0, 0, 0, 0, 
0, 0, 0, 0, 0, 0, 0, 
1.46224, 0, 0, 0, 0, 0, 0, 
0, 0, 0, 0, 0, 0, 0, 
1.01721, 0, 0, 0, 0, 0, 0, 
1.03725, 0, 0, 0, 0, 0, 0, 
1.5407, 0, 0, 0, 0, 0, 0, 
0, 0, 0, 0, 0, 0, 0, 
1.53322, 0, 0, 0, 0, 0, 0, 
0.521195, 0, 0, 0, 0, 0, 0, 
-1.00748, 0, 0, 0, 0, 0, 0, 
-0.498964, 0, 0, 0, 0, 0, 0, 
0.482942, 0, 0, 0, 0, 0, 0, 
-3.45995, 0, 0, 0, 0, 0, 0, 
0, 0, 0, 0, 0, 0, 0, 
-0.440508, 0, 0, 0, 0, 0, 0, 
0, 0, 0, 0, 0, 0, 0, 
-0.115694, 0, 0, 0, 0, 0, 0, 
0, 0, 0, 0, 0, 0, 0, 
-2.0443, 0, 0, 0, 0, 0, 0, 
0, 0, 0, 0, 0, 0, 0, 
-0.91549, 0, 0, 0, 0, 0, 0, 
-0.260597, 0, 0, 0, 0, 0, 0, 
-0.406492, 0, 0, 0, 0, 0, 0, 
-0.306942, 0, 0, 0, 0, 0, 0, 
-1.04758, 0, 0, 0, 0, 0, 0, 
0.380078, 0, 0, 0, 0, 0, 0, 
0, 0, 0, 0, 0, 0, 0, 
1.51848, 0, 0, 0, 0, 0, 0, 
0.278522, 0, 0, 0, 0, 0, 0, 
1.90554, 0, 0, 0, 0, 0, 0, 
0.518628, 0, 0, 0, 0, 0, 0, 
0, 0, 0, 0, 0, 0, 0, 
2.59313, 0, 0, 0, 0, 0, 0, 
1.53322, 0, 0, 0, 0, 0, 0, 
0.508605, 0, 0, 0, 0, 0, 0, 
0.812983, 0, 0, 0, 0, 0, 0, 
0, 0, 0, 0, 0, 0, 0, 
-0.476385, 0, 0, 0, 0, 0, 0, 
-0.523788, 0, 0, 0, 0, 0, 0, 
-2.5067, 0, 0, 0, 0, 0, 0, 
-1.56358, 0, 0, 0, 0, 0, 0, 
-0.506159, 0, 0, 0, 0, 0, 0, 
-2.20254, 0, 0, 0, 0, 0, 0, 
-0.491968, 0, 0, 0, 0, 0, 0, 
-1.00748, 0, 0, 0, 0, 0, 0, 
-1.54825, 0, 0, 0, 0, 0, 0, 
0.364294, 0, 0, 0, 0, 0, 0, 
0.979361, 0, 0, 0, 0, 0, 0, 
0.523787, 0, 0, 0, 0, 0, 0, 
0, 0, 0, 0, 0, 0, 0, 
0.523788, 0, 0, 0, 0, 0, 0, 
1.57136, 0, 0, 0, 0, 0, 0, 
0, 0, 0, 0, 0, 0, 0, 
0.496609, 0, 0, 0, 0, 0, 0, 
0.400309, 0, 0, 0, 0, 0, 0, 
0.803674, 0, 0, 0, 0, 0, 0, 
0, 0, 0, 0, 0, 0, 0, 
2.93808, 0, 0, 0, 0, 0, 0, 
0, 0, 0, 0, 0, 0, 0, 
0, 0, 0, 0, 0, 0, 0, 
0, 0, 0, 0, 0, 0, 0, 
2.05427, 0, 0, 0, 0, 0, 0, 
0.46176, 0, 0, 0, 0, 0, 0, 
-0.993219, 0, 0, 0, 0, 0, 0, 
0.476385, 0, 0, 0, 0, 0, 0, 
-1.31602, 0, 0, 0, 0, 0, 0, 
-1.84704, 0, 0, 0, 0, 0, 0, 
-0.42624, -0.42624, 0, 0, 0, 0, 0, 
-1.01232, 0.50616, 0, 0, 0, 0, 0, 
0, 0, 0, 0, 0, 0, 0, 
-1.52582, 0, 0, 0, 0, 0, 0, 
-0.911527, 0, 0, 0, 0, 0, 0, 
0, 0, 0, 0, 0, 0, 0, 
0.446108, 0, 0, 0, 0, 0, 0, 
1.55397, 0, 0, 0, 0, 0, 0, 
0.476385, 0, 0, 0, 0, 0, 0, 
0.42624, 0, 0, 0, 0, 0, 0, 
0, 0, 0, 0, 0, 0, 0, 
0.859438, 0, 0, 0, 0, 0, 0, 
0, 0, 0, 0, 0, 0, 0, 
0, 0, 0, 0, 0, 0, 0, 
1.01721, 0, 0, 0, 0, 0, 0, 
1.34976, 0, 0, 0, 0, 0, 0, 
1.12801, 0, 0, 0, 0, 0, 0, 
0, 0, 0, 0, 0, 0, 0, 
0.523787, 0, 0, 0, 0, 0, 0, 
2.93808, 0, 0, 0, 0, 0, 0, 
0, 0, 0, 0, 0, 0, 0, 
0.46176, 0, 0, 0, 0, 0, 0, 
1.93177, 0, 0, 0, 0, 0, 0, 
-1.03217, 0, 0, 0, 0, 0, 0, 
-0.513567, 0, 0, 0, 0, 0, 0, 
-2.06434, 0, 0, 0, 0, 0, 0, 
-1.04757, 0, 0, 0, 0, 0, 0, 
0, 0, 0, 0, 0, 0, 0, 
-0.997927, 0, 0, 0, 0, 0, 0, 
1.57136, 0, 0, 0, 0, 0, 0, 
0.485167, 0, 0, 0, 0, 0, 0, 
0.993219, 0, 0, 0, 0, 0, 0, 
0.521194, 0, 0, 0, 0, 0, 0, 
0, 0, 0, 0, 0, 0, 0, 
1.02215, 0, 0, 0, 0, 0, 0, 
0.421125, 0, 0, 0, 0, 0, 0, 
0, 0, 0, 0, 0, 0, 0, 
0.508605, 0, 0, 0, 0, 0, 0, 
0.431481, 0, 0, 0, 0, 0, 0, 
0, 0, 0, 0, 0, 0, 0, 
0, 0, 0, 0, 0, 0, 0, 
0, 0, 0, 0, 0, 0, 0, 
0, 0, 0, 0, 0, 0, 0, 
0, 0, 0, 0, 0, 0, 0, 
0, 0, 0, 0, 0, 0, 0, 
0, 0, 0, 0, 0, 0, 0, 
0, 0, 0, 0, 0, 0, 0, 
0.320979, 0, 0, 0, 0, 0, 0, 
-0.521194, 0, 0, 0, 0, 0, 0, 
0, 0, 0, 0, 0, 0, 0, 
0, 0, 0, 0, 0, 0, 0, 
0, 0, 0, 0, 0, 0, 0, 
0, 0, 0, 0, 0, 0, 0, 
0.48968, 0, 0, 0, 0, 0, 0, 
0, 0, 0, 0, 0, 0, 0, 
0.261244, 0, 0, 0, 0, 0, 0, 
1.02713, 0, 0, 0, 0, 0, 0, 
1.51121, 0, 0, 0, 0, 0, 0, 
0.39138, 0, 0, 0, 0, 0, 0, 
0.401837, 0, 0, 0, 0, 0, 0, 
0.39284, 0, 0, 0, 0, 0, 0, 
2.29872, 0, 0, 0, 0, 0, 0, 
0.259954, 0, 0, 0, 0, 0, 0, 
1.51848, 0, 0, 0, 0, 0, 0, 
0.99322, 0, 0, 0, 0, 0, 0, 
0.511074, 0, 0, 0, 0, 0, 0, 
-1.03217, 0, 0, 0, 0, 0, 0, 
0, 0, 0, 0, 0, 0, 0, 
-0.416131, 0, 0, 0, 0, 0, 0, 
0, 0, 0, 0, 0, 0, 0, 
-1.56358, 0, 0, 0, 0, 0, 0, 
-0.361791, 0, 0, 0, 0, 0, 0, 
-0.485167, 0.485167, 0, 0, 0, 0, 0, 
0, -0.0772423, 0, 0, 0, 0, 0, 
-1.02215, 0, 0, 0, 0, 0, 0, 
-0.518627, 0, 0, 0, 0, 0, 0, 
-2.4484, 0, 0, 0, 0, 0, 0, 
0, 0, 0, 0, 0, 0, 0, 
-2.55537, 0, 0, 0, 0, 0, 0, 
-0.491968, 0, 0, 0, 0, 0, 0, 
0, 0, 0, 0, 0, 0, 0, 
0, 0, 0, 0, 0, 0, 0, 
0, 0, 0, 0, 0, 0, 0, 
0, 0, 0, 0, 0, 0, 0, 
2.51869, 0, 0, 0, 0, 0, 0, 
1.92295, 0, 0, 0, 0, 0, 0, 
1.03725, 0, 0, 0, 0, 0, 0, 
1.04757, 0, 0, 0, 0, 0, 0, 
1.47591, 0, 0, 0, 0, 0, 0, 
0.369408, 0, 0, 0, 0, 0, 0, 
0, 0, 0, 0, 0, 0, 0, 
0.339617, 0, 0, 0, 0, 0, 0, 
1.00268, 0, 0, 0, 0, 0, 0, 
3.03696, 0, 0, 0, 0, 0, 0, 
0, 0, 0, 0, 0, 0, 0, 
0, 0, 0, 0, 0, 0, 0, 
2.97966, 0, 0, 0, 0, 0, 0, 
-0.496609, 0, 0, 0, 0, 0, 0, 
-1.04758, 0, 0, 0, 0, 0, 0, 
-0.472113, 0, 0, 0, 0, 0, 0, 
-1.53322, 0, 0, 0, 0, 0, 0, 
-0.496609, 0, 0, 0, 0, 0, 0, 
0, 0, 0, 0, 0, 0, 0, 
0, 0, 0, 0, 0, 0, 0, 
-0.50616, 0, 0, 0, 0, 0, 0, 
-3.03696, 0, 0, 0, 0, 0, 0, 
0.380077, 0, 0, 0, 0, 0, 0, 
0.508605, 0, 0, 0, 0, 0, 0, 
0, 0, 0, 0, 0, 0, 0, 
1.51848, 0, 0, 0, 0, 0, 0, 
1.55588, 0, 0, 0, 0, 0, 0, 
0.472113, 0, 0, 0, 0, 0, 0, 
0.965884, 0, 0, 0, 0, 0, 0, 
0.877344, 0, 0, 0, 0, 0, 0, 
0.855945, 0, 0, 0, 0, 0, 0, 
0.961473, 0, 0, 0, 0, 0, 0, 
0, 0, 0, 0, 0, 0, 0, 
0, 0, 0, 0, 0, 0, 0, 
0.302532, 0, 0, 0, 0, 0, 0, 
0.513568, 0, 0, 0, 0, 0, 0, 
0, 0, 0, 0, 0, 0, 0, 
0, 0, 0, 0, 0, 0, 0, 
0, 0, 0, 0, 0, 0, 0, 
-0.721105, 0, 0, 0, 0, 0, 0, 
-0.503738, 0, 0, 0, 0, 0, 0, 
-2.07247, 0, 0, 0, 0, 0, 0, 
0, 0, 0, 0, 0, 0, 0, 
0, 0, 0, 0, 0, 0, 0, 
-0.290832, 0, 0, 0, 0, 0, 0, 
-2.10563, 0, 0, 0, 0, 0, 0, 
-1.47591, 0, 0, 0, 0, 0, 0, 
-0.511074, 0, 0, 0, 0, 0, 0, 
0, 0, 0, 0, 0, 0, 0, 
-2.0443, 0, 0, 0, 0, 0, 0, 
0.50616, 0, 0, 0, 0, 0, 0, 
0, 0, 0, 0, 0, 0, 0, 
2.51869, 0, 0, 0, 0, 0, 0, 
1.01721, 0, 0, 0, 0, 0, 0, 
0.498963, 0, 0, 0, 0, 0, 0, 
0.435047, 0, 0, 0, 0, 0, 0, 
2.08478, 0, 0, 0, 0, 0, 0, 
1.39138, 0, 0, 0, 0, 0, 0, 
0.496609, 0, 0, 0, 0, 0, 0, 
0.414494, 0, 0, 0, 0, 0, 0, 
0.511074, 0, 0, 0, 0, 0, 0, 
-1.47591, 0, 0, 0, 0, 0, 0, 
0, 0, 0, 0, 0, 0, 0, 
-1.04758, 0, 0, 0, 0, 0, 0, 
-2.05427, 0, 0, 0, 0, 0, 0, 
0, 0, 0, 0, 0, 0, 0, 
-0.378709, 0, 0, 0, 0, 0, 0, 
0, 0, 0, 0, 0, 0, 0, 
-0.494279, 0, 0, 0, 0, 0, 0, 
-0.506159, 0, 0, 0, 0, 0, 0, 
-1.02215, 0, 0, 0, 0, 0, 0, 
0, 0, 0, 0, 0, 0, 0, 
-1.54825, 0, 0, 0, 0, 0, 0, 
-0.382841, 0, 0, 0, 0, 0, 0, 
-0.476385, 0, 0, 0, 0, 0, 0, 
-0.523788, 0, 0, 0, 0, 0, 0, 
-2.05427, 0, 0, 0, 0, 0, 0, 
1.44221, 0, 0, 0, 0, 0, 0, 
-0.411255, 0, 0, 0, 0, 0, 0, 
0, 0, 0, 0, 0, 0, 0, 
2.66535, 0, 0, 0, 0, 0, 0, 
0.523788, 0, 0, 0, 0, 0, 0, 
1.04757, 0, 0, 0, 0, 0, 0, 
1.04757, 0, 0, 0, 0, 0, 0, 
-0.476385, 0, 0, 0, 0, 0, 0, 
0, 0, 0, 0, 0, 0, 0, 
-0.838894, 0, 0, 0, 0, 0, 0, 
-0.896011, 0, 0, 0, 0, 0, 0, 
-2.59313, 0, 0, 0, 0, 0, 0, 
0.408067, 0, 0, 0, 0, 0, 0, 
-0.521194, 0, 0, 0, 0, 0, 0, 
-0.508605, 0, 0, 0, 0, 0, 0, 
0, 0, 0, 0, 0, 0, 0, 
-1.42272, 0, 0, 0, 0, 0, 0, 
-0.451851, 0, 0, 0, 0, 0, 0, 
-1.44221, 0, 0, 0, 0, 0, 0, 
0, 0, 0, 0, 0, 0, 0, 
-0.47424, 0, 0, 0, 0, 0, 0, 
-0.873703, 0, -0.416741, 0, 0, 0, 0, 
0, 0, 0, 0, 0, 0, 0, 
-0.965883, 0, 0, 0, 0, 0, 0, 
-0.487413, 0, 0, 0, 0, 0, 0, 
0, 0, 0.833482, 0, 0, 0, 0, 
0, 0, -0.403352, 0, 0, 0, 0, 
0, 0, 0, 0, 0, 0, 0, 
-1.94965, 0, 0, 0, 0, 0, 0, 
-0.369408, 0, 0.352402, 0, 0, 0, 0, 
-0.511074, 0, -0.975093, 0, 0, 0, 0, 
0, 0, 0.456521, 0, 0, 0, 0, 
-0.518627, 0, 0, 0, 0, 0, 0, 
-0.513567, 0, 0, 0, 0, 0, 0, 
-1.01232, 0, 0, 0, 0, 0, 0, 
0.487413, 0, 0, 0, 0, 0, 0, 
0, 0, 0, 0, 0, 0, 0, 
0, 0, 0, 0, 0, 0, 0, 
1.48983, 0, 0, 0, 0, 0, 0, 
0.521194, 0, 0, 0, 0, 0, 0, 
0.508605, 0, 0, 0, 0, 0, 0, 
0.431481, 0, 0, 0, 0, 0, 0, 
0.498963, 0, 0, 0, 0, 0, 0, 
0.501339, 0, 0, 0, 0, 0, 0, 
0, 0, 0, 0, 0, 0, 0, 
0, 0, 0, 0, 0, 0, 0, 
0, 0, 0, 0, 0, 0, 0, 
0, 0, 0, 0, 0, 0, 0, 
0, 0, 0, 0, 0, 0, 0, 
0, 0, 0, 0, 0, 0, 0, 
0, 0, 0, 0, 0, 0, 0, 
0, 0, 0, 0, 0, 0, 0, 
0, 0, 0, 0, 0, 0, 0, 
0, 0, 0, 0, 0, 0, 0, 
0, 0, 0, 0, 0, 0, 0, 
0, 0, 0, 0, 0, 0, 0, 
0, 0, 0, 0, 0, 0, 0, 
0, 0, 0, 0, 0, 0, 0, 
0, 0, 0, 0, 0, 0, 0, 
0, 0, 0, 0, 0, 0, 0, 
0, 0, 0, 0, 0, 0, 0, 
0, 0, 0, 0, 0, 0, 0, 
-1.28916, 0, 0, 0, 0, 0, 0, 
-0.94848, 0, 0, 0, 0, 0, 0, 
0, 0, 0, 0, 0, 0, 0, 
0, 0, 0, 0, 0, 0, 0, 
0, 0, 0, 0, 0, 0, 0, 
0, 0, 0, 0, 0, 0, 0, 
0, 0, 0, 0, 0, 0, 0, 
-2.97615, 0, 0, 0, 0, 0, 0, 
0, 0, 0, 0, 0, 0, 0, 
0, 0, 0, 0, 0, 0, 0, 
-0.167379, 0, 0, 0, 0, 0, 0, 
0, 0, 0, 0, 0, 0, 0, 
-0.305163, 0, 0, 0, 0, 0, 0, 
-1.94067, 0, 0, 0, 0, 0, 0, 
-0.50134, 0, 0, 0, 0, 0, 0, 
-1.13206, 0, 0, 0, 0, 0, 0, 
-2.0443, 0, 0, 0, 0, 0, 0, 
1.04239, 0, 0, 0, 0, 0, 0, 
2.93613, 0, 0, 0, 0, 0, 0, 
0.506159, 0, 0, 0, 0, 0, 0, 
0.516085, 0, 0, 0, 0, 0, 0, 
2.05427, 0, 0, 0, 0, 0, 0, 
0.459743, 0, 0, 0, 0, 0, 0, 
0.327979, 0, 0, 0, 0, 0, 0, 
0.0616041, 0, 0, 0, 0, 0, 0, 
0, 0, 0, 0, 0, 0, 0, 
0, 0, 0, 0, 0, 0, 0, 
1.02215, 0, 0, 0, 0, 0, 0, 
0.47424, 0, 0, 0, 0, 0, 0, 
-1.51121, 0, 0, 0, 0, 0, 0, 
-0.88845, 0, 0, 0, 0, 0, 0, 
-0.523787, 0, 0, 0, 0, 0, 0, 
-0.489681, 0, 0, 0, 0, 0, 0, 
-1.00748, 0, 0, 0, 0, 0, 0, 
0, 0, 0, 0, 0, 0, 0, 
-1.01721, 0, 0, 0, 0, 0, 0, 
-0.993219, 0, 0, 0, 0, 0, 0, 
-1.28916, 0, 0, 0, 0, 0, 0, 
-1.66453, 0, 0, 0, 0, 0, 0, 
-0.0893728, 0, 0, 0, 0, 0, 0, 
0, 0, 0, 0, 0, 0, 0, 
-0.0839563, 0, 0, 0, 0, 0, 0, 
0, 0, 0, 0, 0, 0, 0, 
-0.369409, 0, 0, 0, 0, 0, 0, 
0, 0, 0, 0, 0, 0, 0, 
-1.02713, 0, 0, 0, 0, 0, 0, 
-0.374667, 0, 0, 0, 0, 0, 0, 
0.511075, 0, 0, 0, 0, 0, 0, 
0, 0, 0, 0, 0, 0, 0, 
2.61894, 0, 0, 0, 0, 0, 0, 
0.516086, 0, 0, 0, 0, 0, 0, 
2.93808, 0, 0, 0, 0, 0, 0, 
0.412867, 0, 0, 0, 0, 0, 0, 
0.503738, 0, 0, 0, 0, 0, 0, 
0, 0, 0, 0, 0, 0, 0, 
0, 0, 0, 0, 0, 0, 0, 
-0.513567, 0, 0, 0, 0, 0, 0, 
-1.40375, 0, 0, 0, 0, 0, 0, 
0, 0, 0, 0, 0, 0, 0, 
-2.0443, 0, 0, 0, 0, 0, 0, 
0, 0, 0, 0, 0, 0, 0, 
-1.94067, 0, 0, 0, 0, 0, 0, 
-1.04757, 0, 0, 0, 0, 0, 0, 
-2.59313, 0, 0, 0, 0, 0, 0, 
0, 0, 0, 0, 0, 0, 0, 
0, 0, 0, 0, 0, 0, 0, 
0, 0, 0, 0, 0, 0, 0, 
0, 0, 0, 0, 0, 0, 0, 
0, 0, 0, 0, 0, 0, 0, 
1.44882, 0, 0, 0, 0, 0, 0, 
0.463794, 0, 0, 0, 0, 0, 0, 
0, 0, 0, 0, 0, 0, 0, 
0.489681, 0, 0, 0, 0, 0, 0, 
1.52582, 0, 0, 0, 0, 0, 0, 
2.00536, 0, 0, 0, 0, 0, 0, 
0.442358, 0, 0, 0, 0, 0, 0, 
1.55588, 0, 0, 0, 0, 0, 0, 
0, 0, 0, 0, 0, 0, 0, 
0.366834, 0, 0, 0, 0, 0, 0, 
0.408067, 0, 0, 0, 0, 0, 0, 
1.22896, 0, 0, 0, 0, 0, 0, 
0, 0, 0, 0, 0, 0, 0, 
0, 0, 0, 0, 0, 0, 0, 
1.00748, 0, 0, 0, 0, 0, 0, 
0, 0, 0, 0, 0, 0, 0, 
-0.498964, 0, 0, 0, 0, 0, 0, 
-0.511074, 0, 0, 0, 0, 0, 0, 
-0.417783, 0, 0, 0, 0, 0, 0, 
0, 0, 0, 0, 0, 0, 0, 
-0.472114, 0, 0, 0, 0, 0, 0, 
0, 0, 0, 0, 0, 0, 0, 
-0.516084, 0, 0, 0, 0, 0, 0, 
-1.25335, 0, 0, 0, 0, 0, 0, 
-0.382841, 0, 0, 0, 0, 0, 0, 
-1.74741, 0, 0, 0, 0, 0, 0, 
0, 0, 0, 0, 0, 0, 0, 
-0.446107, 0, 0, 0, 0, 0, 0, 
0, 0, 0, 0, 0, 0, 0, 
-2.54303, 0, 0, 0, 0, 0, 0, 
1.03725, 0, 0, 0, 0, 0, 0, 
0.354482, 0, 0, 0, 0, 0, 0, 
1.52582, 0, 0, 0, 0, 0, 0, 
1.49689, 0, 0, 0, 0, 0, 0, 
0, 0, 0, 0, 0, 0, 0, 
0, 0, 0, 0, 0, 0, 0, 
0.478551, 0, 0, 0, 0, 0, 0, 
1.50402, 0, 0, 0, 0, 0, 0, 
2.06434, 0, 0, 0, 0, 0, 0, 
0, 0, 0, 0, 0, 0, 0, 
1.03217, 0, 0, 0, 0, 0, 0, 
0.927588, 0, 0, 0, 0, 0, 0, 
1.52582, 0, 0, 0, 0, 0, 0, 
1.21478, 0, 0, 0, 0, 0, 0, 
0.513567, 0, 0, 0, 0, 0, 0, 
0, 0, 0, 0, 0, 0, 0, 
-1.42916, 0, 0, 0, 0, 0, 0, 
-0.516085, 0, 0, 0, 0, 0, 0, 
-2.60597, 0, 0, 0, 0, 0, 0, 
-0.478551, 0, 0, 0, 0, 0, 0, 
-1.00748, 0, 0, 0, 0, 0, 0, 
0, 0, 0, 0, 0, 0, 0, 
0, 0, 0, 0, 0, 0, 0, 
0.513567, 0, 0, 0, 0, 0, 0, 
1.33267, 0, 0, 0, 0, 0, 0, 
0, 0, 0, 0, 0, 0, 0, 
0, 0, 0, 0, 0, 0, 0, 
1.79202, 0, 0, 0, 0, 0, 0, 
1.30514, 0, 0, 0, 0, 0, 0, 
0, 0, 0, 0, 0, 0, 0, 
1.56358, 0, 0, 0, 0, 0, 0, 
0.463794, 0, 0, 0, 0, 0, 0, 
1.04757, 0, 0, 0, 0, 0, 0, 
0, 0, 0, 0, 0, 0, 0, 
0, 0, 0, 0, 0, 0, 0, 
0, 0, 0, 0, 0, 0, 0, 
0, 0, 0, 0, 0, 0, 0, 
0, 0, 0, 0, 0, 0, 0, 
