0.0416
0.0737
0.0937
0.1168
0.1381
0.1589
0.1815
0.2042
0.2261
0.253
0.2761
0.299
0.3243
0.3447
0.3959
0.4165
0.437
0.4577
0.4781
0.4987
0.5212
0.5566
0.5774
0.5997
0.622
0.6424
0.663
0.6838
0.7082
0.7294
0.7544
0.7751
0.7969
0.8202
0.8405
0.861
0.8821
0.9025
0.9249
0.9454
0.972
0.9925
1.0213
1.0417
1.0623
1.0848
1.1281
1.1517
1.1741
1.1942
1.2298
1.2511
1.2715
1.2921
1.3174
1.3375
1.3619
1.383
1.4031
1.4232
1.4462
1.4676
1.4925
1.5128
1.5342
1.5578
1.5784
1.6027
1.6378
1.668
1.6884
1.7106
1.7335
1.7549
1.7753
1.797
1.817
1.8377
1.8667
1.89
1.9112
1.9431
1.9633
2.0212
2.0421
2.0627
2.084
2.1084
2.1295
2.1502
2.1757
2.1958
2.2165
2.2373
2.2586
2.2794
2.3024
2.3258
2.3597
2.3835
2.4049
2.431
2.4538
2.4831
2.5074
2.5276
2.5479
2.5681
2.5913
2.6124
2.6339
2.6561
2.6798
2.6999
2.7223
2.7567
2.7782
2.799
2.8216
2.8425
2.8632
2.8849
2.9082
2.9298
2.9542
2.979
3.0196
3.04
3.0629
3.084
3.1042
3.1242
3.1459
3.1661
3.1862
3.2122
3.2416
3.2651
3.2854
3.3075
3.3291
3.3499
3.389
3.4183
3.4423
3.4628
3.4838
3.5046
3.53
3.5613
3.5825
3.6058
3.6338
3.6564
3.6813
3.7013
3.729
3.7498
3.7797
3.8006
3.8206
3.8524
3.8732
3.8945
3.9172
3.9373
3.9795
4.003
4.0392
4.0594
4.0894
4.1125
4.1359
4.1562
4.178
4.2157
4.2399
4.2602
4.2922
4.3167
4.3392
4.3594
4.3901
4.4108
4.4347
4.4735
4.4966
4.5179
4.538
4.5594
4.5797
4.6155
4.6412
4.6634
4.6882
4.7102
4.7307
4.7722
4.7949
4.8345
4.856
4.8765
4.8967
4.9186
4.9577
4.9786
5.0014
5.0258
5.0494
5.0959
5.1162
5.1381
5.1642
5.1853
5.2077
5.2283
5.2502
5.2755
5.2996
5.3511
5.3734
5.4001
5.4207
5.444
5.5856
5.7446
5.8852
5.91
5.9386
5.959
5.9806
6.0026
6.0242
6.0446
6.0759
6.0967
6.1196
6.1413
6.1687
6.195
6.2228
6.2476
6.2814
6.3149
6.3547
6.3841
6.4312
6.475
6.4963
6.5164
6.5433
6.5808
6.6015
6.6229
6.6446
6.6699
6.7145
6.7348
6.7696
6.8001
6.8216
6.8438
6.9704
7.0938
7.1153
7.1415
7.1618
7.1868
7.2086
7.2473
7.2676
7.2896
7.3103
7.335
7.3627
7.3839
7.4041
7.4336
7.4542
7.4901
7.512
7.5341
7.5542
7.5746
7.5957
7.6172
7.6555
7.6777
7.6979
7.7184
7.7411
7.7657
7.786
7.8078
7.8287
7.8514
7.8869
7.907
7.9278
7.9491
7.9723
7.9973
8.0323
8.0647
8.0906
8.1167
8.1457
8.1698
8.192
8.2138
8.2469
8.267
8.2871
8.313
8.3331
8.3535
8.3786
8.4002
8.4213
8.4433
8.4672
8.4873
8.5092
8.5313
8.5524
8.5742
8.5949
8.6159
8.6366
8.6605
8.681
8.7029
8.7262
8.7493
8.7719
8.7933
8.8163
8.8373
8.8598
9.0204
9.0462
9.0679
9.0932
9.114
9.1368
9.1878
9.2468
9.2785
9.3001
9.3205
9.3456
9.3656
9.3865
9.4101
9.4492
9.4706
9.491
9.5121
9.5331
9.5537
9.5771
9.6188
9.6488
9.6698
9.692
9.7124
9.7344
9.7801
9.8082
9.8286
9.8516
9.8743
9.8949
9.9157
9.9374
10.076
10.0994
10.1226
10.1446
10.165
10.1855
10.2118
10.2322
10.253
10.2931
10.3138
10.3347
10.3553
10.3782
10.4147
10.4386
10.4852
10.5064
10.5296
10.55
10.5766
10.5969
10.617
10.6408
10.6622
10.6828
10.7052
10.7303
10.7556
10.7765
10.8145
10.8347
10.8548
10.8752
10.896
10.9164
10.9366
10.9654
10.9861
11.0067
11.0288
11.0496
11.0714
11.0922
11.1136
11.1339
11.1546
11.1755
11.1956
11.2172
11.2401
11.2607
11.2809
11.301
11.3324
11.3535
11.3738
11.3945
11.4192
11.4397
11.4598
11.4842
11.5104
11.5312
11.5513
11.5713
11.6001
11.6209
11.6439
11.6645
11.6858
11.7075
11.7283
11.7493
11.7834
11.8041
11.8298
11.8509
11.8731
11.8953
11.9154
11.9356
11.9595
11.9815
12.0022
12.0224
12.0441
12.0646
12.0847
12.1144
12.1412
12.1615
12.1822
12.2042
12.2247
12.2626
12.2839
12.3054
12.326
12.3464
12.3668
12.3916
12.4123
12.4328
12.4538
12.4738
12.4947
12.515
12.5374
12.5604
12.5805
12.6008
12.6222
12.6464
12.6677
12.6885
12.7127
12.7332
12.7538
12.7741
12.7976
12.8185
12.8465
12.8687
12.9081
12.9397
12.961
12.9824
13.0031
13.024
13.0477
13.0688
13.0892
13.1119
13.149
13.1734
13.1955
13.2155
13.2359
13.2604
13.2808
13.3033
13.3239
13.3455
13.3663
13.387
13.4073
13.4278
13.4542
13.4748
13.495
13.5159
13.537
13.5588
13.5801
13.6027
13.6266
13.7333
13.8243
13.8562
13.8768
13.898
13.921
13.9614
13.9873
14.0216
14.0417
14.0694
14.0928
14.1136
14.1514
14.1735
14.1938
14.2161
14.2364
14.257
14.2777
14.3036
14.3283
14.3504
14.3705
14.3915
14.4117
14.4325
14.4564
14.4778
14.4987
14.5191
14.548
14.5695
14.5896
14.6132
14.6333
14.6534
14.6786
14.6998
14.7261
14.7523
14.7786
14.8001
14.821
14.8425
14.8824
14.9029
14.9257
14.9469
14.969
14.993
15.0158
15.0405
15.0613
15.1074
15.1281
15.1512
15.1728
15.1964
15.2235
15.2456
15.2703
15.2981
15.3226
15.3486
15.371
15.3917
15.4151
15.4431
15.4653
15.4854
15.5069
15.5279
15.5507
15.5725
15.5929
15.6134
15.6338
15.6539
15.6985
15.7196
15.7397
15.7614
15.7826
15.8028
15.8233
15.8439
15.8689
15.8945
15.9152
15.9396
15.9689
16.0011
16.0267
16.0486
16.0691
16.0901
16.1125
16.1345
16.1673
16.1875
16.2218
16.2429
16.2702
16.2909
16.3124
16.3327
16.373
16.3935
16.4144
16.4413
16.4675
16.4943
16.5172
16.5577
16.5785
16.5997
16.6203
16.6407
16.6639
16.6892
16.7187
16.7389
16.768
16.7897
16.926
16.9466
16.9669
16.9884
17.0101
17.0307
17.0521
17.0793
17.1021
17.1223
17.1427
17.1636
17.1855
17.2058
17.2259
17.2473
17.2758
17.2969
17.3279
17.3489
17.3697
17.3898
17.4196
17.4408
17.462
17.4821
17.5044
17.525
17.5462
17.5683
17.5944
17.6152
17.636
17.6637
17.6844
17.7045
17.7253
17.7456
17.7679
17.7897
17.8137
17.8383
17.8602
17.8825
17.9111
17.9459
17.9664
17.9903
18.014
18.0377
18.0669
18.0878
18.1132
18.1419
18.164
18.2002
18.2252
18.2466
18.2672
18.2879
18.3085
18.3293
18.3514
18.3723
18.393
18.4141
18.4383
18.4585
18.4812
18.5024
18.5278
18.5484
18.5698
18.5901
18.6102
18.6307
18.6534
18.6812
18.7105
18.7318
18.7526
18.7732
18.7986
18.819
18.8465
18.8686
18.8887
18.9092
18.9311
18.9567
18.9774
19.009
19.0291
19.0492
19.0693
19.0914
19.1159
19.141
19.1645
19.1848
19.2106
19.2308
19.2515
19.2759
19.3055
19.3288
19.3507
19.3778
19.4
19.4241
19.4454
19.4672
19.4888
19.5129
19.5378
19.5599
19.5815
19.61
19.6306
19.6526
19.6729
19.6934
19.7142
19.7358
19.7741
19.7978
19.819
19.8392
19.8806
19.905
19.9261
19.9471
19.9677
19.9933
20.0137
20.034
20.0587
20.0799
20.1035
20.1317
20.1527
20.1745
20.2095
20.2439
20.2648
20.2855
20.306
20.3266
20.3467
20.3698
20.3943
20.4165
20.4401
20.4602
20.4808
20.503
20.5325
20.5608
20.5824
20.8379
20.9637
20.9883
21.0228
21.0445
21.0655
21.0934
21.114
21.1342
21.1593
21.1801
21.2005
21.221
21.2439
21.276
21.4469
21.5689
21.7514
21.772
21.7942
21.8151
21.8388
21.8589
21.8804
21.9013
21.9244
21.9451
21.9663
21.9908
22.0161
22.1339
22.2233
22.3487
22.4724
22.5009
22.6128
22.6333
22.6614
22.682
22.7241
22.7442
22.7646
22.7861
22.8116
22.8325
22.8578
22.8781
22.8986
22.9211
22.9475
22.9681
22.99
23.0117
23.0318
23.0521
23.0791
23.109
23.1299
23.1578
23.1883
23.2101
23.2328
23.2785
23.3
23.3207
23.3417
23.3655
23.3858
23.419
23.4477
23.4735
23.4992
23.5202
23.5493
23.5702
23.6018
23.6229
23.6435
23.6687
23.6949
23.7172
23.7405
23.7609
23.7861
23.8136
23.8377
23.8586
23.8822
23.9141
23.9348
23.9551
23.9848
24.0055
24.0266
24.0498
24.0705
24.0925
24.1135
24.1339
24.1546
24.175
24.1977
24.2184
24.2444
24.2649
24.2905
24.3126
24.333
24.3532
24.3752
24.3961
24.4165
24.4408
24.4613
24.485
24.5053
24.526
24.5495
24.5737
24.6023
24.6225
24.6452
24.6653
24.6854
24.7056
24.7268
24.7552
24.7862
